#weight  minuslogpost            As         ns        H0       ombh2      omch2         tau   omega_de      logA  minuslogprior  minuslogprior__0      chi2  chi2__ffp8_1_raw_545_0001
      2     412.12527 2.2093498e-09 0.98012284 69.980112 0.022665758  0.1140643 0.090508695 0.71939938 3.0952834     -22.569411        -22.569411 869.38937                  869.38937
      5     411.93273 2.1984709e-09 0.98043178 70.181875  0.02270479 0.11360873 0.088499898  0.7218561 3.0903472     -22.569411        -22.569411 869.00427                  869.00427
      1     412.02473 2.2030797e-09 0.98108238  70.13758 0.022668382 0.11376258 0.089425232 0.72126594 3.0924414     -22.569411        -22.569411 869.18829                  869.18829
      4     408.51352 2.1823534e-09 0.97861256 69.687797 0.022559613 0.11467947 0.083717689 0.71599224 3.0829889     -22.569411        -22.569411 862.16587                  862.16587
     13     408.55901  2.176459e-09 0.97852914 69.684656 0.022559944 0.11469533 0.082278805  0.7159333 3.0802843     -22.569411        -22.569411 862.25685                  862.25685
      5     408.51971 2.1757554e-09 0.97850915 69.683716 0.022560814 0.11470283 0.082116425  0.7159084  3.079961     -22.569411        -22.569411 862.17824                  862.17824
      3     408.34643 2.1907457e-09 0.97804763 69.760523 0.022588348 0.11459481 0.085441568 0.71669901 3.0868271     -22.569411        -22.569411 861.83168                  861.83168
      3     408.51156 2.2765144e-09 0.97715299 69.884796 0.022618832 0.11437497  0.10509976 0.71809339 3.1252306     -22.569411        -22.569411 862.16195                  862.16195
      2     408.37764 2.2549003e-09 0.97515483 69.619346 0.022600862 0.11512421 0.098907803 0.71443081 3.1156908     -22.569411        -22.569411  861.8941                   861.8941
      7     408.60013 2.2261188e-09 0.97378026 69.439307  0.02256196  0.1153948  0.09162188 0.71246757 3.1028447     -22.569411        -22.569411 862.33908                  862.33908
     14     408.47829 2.2379347e-09 0.97391818 69.452563 0.022562557 0.11534139 0.094473346 0.71268679 3.1081385     -22.569411        -22.569411 862.09541                  862.09541
      4     408.79133 2.2443211e-09  0.9729793  69.33936 0.022577225 0.11567327 0.095417191 0.71102712 3.1109882     -22.569411        -22.569411 862.72148                  862.72148
      1     409.32698 2.2655145e-09 0.97334397  69.61154 0.022622149 0.11509314   0.1008938 0.71438693  3.120387     -22.569411        -22.569411 863.79279                  863.79279
      4     409.32819 2.2659841e-09 0.97340857 69.613764 0.022625578   0.115101  0.10105898 0.71438189 3.1205942     -22.569411        -22.569411 863.79519                  863.79519
      4     410.02528 2.1924791e-09 0.97049767  68.87083 0.022480384  0.1164991 0.082284528 0.70554504  3.087618     -22.569411        -22.569411 865.18938                  865.18938
      7     409.93788 2.2040411e-09 0.97155242 68.931676 0.022503557 0.11626341 0.085578442 0.70651191 3.0928776     -22.569411        -22.569411 865.01458                  865.01458
      1     408.80505 2.2180502e-09 0.97517162 69.740735 0.022679828 0.11499782 0.090439162 0.71552155 3.0992136     -22.569411        -22.569411 862.74893                  862.74893
      2      409.5372 2.2136363e-09 0.97531649 69.771155 0.022699763 0.11493764  0.08934671 0.71585222 3.0972217     -22.569411        -22.569411 864.21322                  864.21322
      4     409.25926 2.2340929e-09 0.97605379 69.920999 0.022701034 0.11456781 0.094487939 0.71782267 3.1064204     -22.569411        -22.569411 863.65734                  863.65734
      2     408.83955  2.246128e-09 0.97808075 70.273619 0.022707435  0.1136961 0.098598908 0.72239961 3.1117929     -22.569411        -22.569411 862.81791                  862.81791
 2 410.19312 2.2775299e-09 0.97658043  70.22539 0.022699498 0.11393438  0.10519701 0.72155109 3.1256766 -22.569411 -22.569411 865.52506 865.52506
 8 410.18899 2.2471002e-09 0.97533004  70.14789 0.022725242 0.11414922 0.097795473 0.72044657 3.1122257 -22.569411 -22.569411 865.51681 865.51681
13 410.17696  2.246495e-09 0.97527708 70.136737 0.022723756 0.11417114  0.09764163 0.72031612 3.1119563 -22.569411 -22.569411 865.49275 865.49275
10 409.93873 2.2518468e-09  0.9750376 70.030308    0.022736 0.11446813 0.098285031 0.71883482 3.1143358 -22.569411 -22.569411 865.01628 865.01628
 3 410.38602 2.2095113e-09 0.97071465 69.131378 0.022637005 0.11653665 0.086023301  0.7073541 3.0953564 -22.569411 -22.569411 865.91086 865.91086
 4 410.91648 2.1965118e-09 0.97037651 69.082832 0.022656975  0.1166926 0.082767698 0.70657404 3.0894556 -22.569411 -22.569411 866.97179 866.97179
 8 410.55536 2.2293744e-09 0.97058188  69.19229 0.022665397 0.11636675 0.090689672 0.70816471 3.1043061 -22.569411 -22.569411 866.24954 866.24954
 2 410.86692 2.1609633e-09 0.96903796 68.786193  0.02265976 0.11728251 0.074089598 0.70278515 3.0731392 -22.569411 -22.569411 866.87266 866.87266
 5 409.27804 2.1573797e-09 0.97206016 69.226985 0.022680099 0.11623606 0.074971342 0.70869917 3.0714795 -22.569411 -22.569411  863.6949  863.6949
 5 410.25925 2.2770727e-09 0.97392116 69.563788 0.022724005 0.11528574  0.10387795 0.71338619 3.1254758 -22.569411 -22.569411 865.65731 865.65731
 7 410.08179 2.2737521e-09 0.97389189  69.54119 0.022717144  0.1153315  0.10304656 0.71311946 3.1240165 -22.569411 -22.569411 865.30241 865.30241
 1 413.48327 2.2948075e-09 0.98417075 71.200114 0.022751778 0.11107261  0.11317877 0.73466479  3.133234 -22.569411 -22.569411 872.10537 872.10537
 6 413.12696   2.29011e-09 0.98494608 71.220712 0.022748389 0.11109131  0.11221585 0.73478807 3.1311849 -22.569411 -22.569411 871.39274 871.39274
 3 413.17268  2.312406e-09 0.98478848 71.219396 0.022751009 0.11106834  0.11754596 0.73481838 3.1408736 -22.569411 -22.569411 871.48418 871.48418
 2 412.32895 2.2985762e-09 0.98347551 71.003238 0.022742404 0.11157122  0.11359775  0.7322209  3.134875 -22.569411 -22.569411 869.79672 869.79672
10 412.51392 2.3218795e-09 0.98154925 70.856531 0.022839121  0.1128363  0.11683826  0.7283985 3.1449621 -22.569411 -22.569411 870.16666 870.16666
 4 414.03994 2.2805187e-09 0.98066766 70.851718  0.02288078 0.11296653  0.10668971 0.72801919  3.126988 -22.569411 -22.569411 873.21871 873.21871
 1  414.1383 2.2874759e-09 0.98082645 70.905249 0.022899016 0.11289784  0.10840054 0.72853005 3.1300341 -22.569411 -22.569411 873.41542 873.41542
 1 415.48941 2.2367268e-09 0.98407903 71.509224 0.023005968 0.11139504  0.09971905 0.73582612 3.1075986 -22.569411 -22.569411 876.11763 876.11763
 4 415.60478 2.2564953e-09  0.9837407 71.383019 0.023013934 0.11163627  0.10424228 0.73440213  3.116398 -22.569411 -22.569411 876.34837 876.34837
 4 413.08707 2.2781657e-09 0.97901249 70.610693  0.02292909 0.11336772  0.10679308 0.72525769 3.1259557 -22.569411 -22.569411 871.31297 871.31297
 9 410.20267 2.1895982e-09 0.97844768 70.082809 0.022767826 0.11419121 0.086247817 0.71975495 3.0863032 -22.569411 -22.569411 865.54417 865.54417
 1 413.84788 2.2360897e-09 0.98069987 70.387245 0.022776558 0.11380271 0.097866906 0.72294043 3.1073138 -22.569411 -22.569411 872.83459 872.83459
 1 413.45693  2.245801e-09  0.9778253 69.981807 0.022551931 0.11430655 0.098848429 0.71915074 3.1116473 -22.569411 -22.569411 872.05269 872.05269
10 411.71054 2.2217763e-09  0.9766372 69.968619 0.022579053 0.11448906 0.092390916 0.71861665 3.1008921 -22.569411 -22.569411  868.5599  868.5599
 1 412.03764 2.2175091e-09 0.97609522 70.018848 0.022673362 0.11460348 0.091239695 0.71859448 3.0989696 -22.569411 -22.569411 869.21409 869.21409
 2 411.65901  2.280183e-09 0.98304673 70.830625 0.022737297 0.11268113  0.10832867 0.72871203 3.1268408 -22.569411 -22.569411 868.45685 868.45685
 1 411.84767 2.2665588e-09 0.98366107 70.899892 0.022737653 0.11253028  0.10543289 0.72954125 3.1208478 -22.569411 -22.569411 868.83416 868.83416
 1 412.04324 2.1473835e-09 0.98104925 70.235748 0.022679526 0.11371946 0.076318763 0.72210938 3.0668352 -22.569411 -22.569411  869.2253  869.2253
 3 411.43762 2.1879037e-09 0.98082397 70.465415 0.022757541 0.11339807 0.085914713 0.72440801  3.085529 -22.569411 -22.569411 868.01407 868.01407
 8 410.71067 2.1896574e-09 0.98029443 70.305822 0.022730428 0.11378074 0.085994956  0.7224361 3.0863302 -22.569411 -22.569411 866.56016 866.56016
 6 411.91666 2.2105862e-09  0.9769342 70.019904  0.02257829 0.11413768 0.088978495 0.71974694 3.0958428 -22.569411 -22.569411 868.97215 868.97215
 3 410.81652 2.1976956e-09 0.97614045 69.756257 0.022543953 0.11472466  0.08556998 0.71648875 3.0899945 -22.569411 -22.569411 866.77187 866.77187
 4 409.89339 2.2178531e-09 0.97679237 69.878028 0.022565948 0.11440959 0.090752705 0.71807619 3.0991248 -22.569411 -22.569411  864.9256  864.9256
 5 410.00337  2.281788e-09  0.9787687 70.495757 0.022626676 0.11292737  0.10736246 0.72585568 3.1275444 -22.569411 -22.569411 865.14557 865.14557
 4 410.06784 2.2806411e-09 0.97850165 70.317879 0.022547958 0.11308368  0.10690092 0.72431005 3.1270417 -22.569411 -22.569411  865.2745  865.2745
 5 410.44975 2.2801563e-09 0.97971941 70.531167 0.022561954 0.11259667   0.1073795 0.72692576 3.1268291 -22.569411 -22.569411 866.03832 866.03832
 5 410.40418 2.2646749e-09 0.97890967 70.375441  0.02254754   0.112964  0.10320559 0.72500334 3.1200163 -22.569411 -22.569411 865.94718 865.94718
 4 410.24402 2.2248667e-09 0.97673342 69.918953 0.022484533 0.11406316 0.092758523 0.71928129 3.1022821 -22.569411 -22.569411 865.62686 865.62686
 5 409.05074 2.2250348e-09 0.97879617 70.031825 0.022490191 0.11380344 0.093814176 0.72070347 3.1023577 -22.569411 -22.569411  863.2403  863.2403
1 408.74118   2.18858e-09 0.97564972 69.800345 0.022580656 0.11464358 0.084150017 0.71693787  3.085838 -22.569411 -22.569411 862.62117 862.62117
5  408.2245  2.208783e-09 0.97717275 69.909784 0.022668822   0.114451  0.08972197 0.71803704 3.0950268 -22.569411 -22.569411 861.58782 861.58782
4 408.12373 2.2117617e-09 0.97721451 69.883506   0.0226568 0.11447027 0.090399419 0.71781012 3.0963744 -22.569411 -22.569411 861.38628 861.38628
4 408.78027 2.2311507e-09 0.97799137 70.092018 0.022674911  0.1140899 0.095387178  0.7202239 3.1051026 -22.569411 -22.569411 862.69937 862.69937
1 411.89041 2.1278652e-09 0.97806014 70.423306 0.022825592 0.11364623 0.071427255 0.72344075 3.0577043 -22.569411 -22.569411 868.91965 868.91965
1 412.23308 2.0854284e-09 0.97608376 70.071329  0.02270246 0.11427256 0.059924343 0.71963054 3.0375594 -22.569411 -22.569411 869.60499 869.60499
7 412.43529 2.0898711e-09 0.97603852 70.047343 0.022714418 0.11433308 0.060796359  0.7192908 3.0396875 -22.569411 -22.569411  870.0094  870.0094
5 412.89228 2.0330035e-09 0.97358037 69.535726 0.022656961 0.11554601 0.046076411 0.71275519 3.0120993 -22.569411 -22.569411 870.92337 870.92337
2 413.11555 2.0178504e-09 0.97325993 69.327384 0.022641822 0.11599611 0.042281881 0.71012117 3.0046179 -22.569411 -22.569411 871.36993 871.36993
3 412.74822   2.02017e-09  0.9732295  69.31898 0.022635857 0.11599123 0.042809128 0.71007345 3.0057668 -22.569411 -22.569411 870.63526 870.63526
5 411.74888 2.0982859e-09 0.97435813 69.060331 0.022682478 0.11687305 0.061590539 0.70595097 3.0437059 -22.569411 -22.569411 868.63658 868.63658
4 411.57387 2.1072753e-09 0.97361914 69.002161 0.022670892 0.11706377 0.063117653 0.70507876 3.0479809 -22.569411 -22.569411 868.28656 868.28656
1 409.76046  2.140531e-09 0.97509588 69.428593  0.02267063 0.11593931 0.072105366 0.71102376  3.063639 -22.569411 -22.569411 864.65973 864.65973
1 410.62046 2.1243865e-09 0.97534631 69.476148 0.022677819 0.11589868 0.068493294  0.7114885 3.0560681 -22.569411 -22.569411 866.37974 866.37974
2 410.84754 2.1223756e-09 0.97690879 69.879641 0.022696014 0.11481584 0.069460172 0.71699092 3.0551211 -22.569411 -22.569411 866.83391 866.83391
4 411.81236 2.0995081e-09 0.97588808 69.696676 0.022697464 0.11523315 0.063698794   0.714641 3.0442882 -22.569411 -22.569411 868.76354 868.76354
1 411.51235 2.1084185e-09 0.97590888 69.772073 0.022708048 0.11505811 0.065889674 0.71559523 3.0485232 -22.569411 -22.569411 868.16352 868.16352
2 410.87622  2.101154e-09 0.97089477  68.91256 0.022628679  0.1168244 0.061862283 0.70490428 3.0450718 -22.569411 -22.569411 866.89127 866.89127
1 410.95958 2.1019087e-09 0.97110283  68.94461 0.022636687 0.11674427 0.062192137 0.70533032 3.0454309 -22.569411 -22.569411 867.05798 867.05798
2 409.21507 2.1768633e-09 0.97200842 69.083669 0.022673928 0.11653648 0.079613507 0.70687275 3.0804701 -22.569411 -22.569411 863.56895 863.56895
 7 411.00881 2.1931591e-09  0.9744101 70.094134 0.022741285  0.1140727 0.085635833 0.72014071 3.0879281 -22.569411 -22.569411 867.15644 867.15644
 2 411.35292 2.1476809e-09  0.9704938 69.392407  0.02269791 0.11565863 0.072943121 0.71124853 3.0669737 -22.569411 -22.569411 867.84466 867.84466
 3 408.74732 2.1689219e-09 0.97043565  68.81815 0.022532235 0.11692919 0.076833247 0.70407645 3.0768153 -22.569411 -22.569411 862.63347 862.63347
 3 409.35179 2.1478998e-09  0.9686719 68.394366 0.022467606 0.11784741 0.070826497  0.6985731 3.0670756 -22.569411 -22.569411  863.8424  863.8424
 6 410.14944  2.097804e-09 0.96795106 68.352225  0.02246617 0.11793923 0.058862852 0.69800787 3.0434762 -22.569411 -22.569411 865.43771 865.43771
 2 409.98197 2.0982837e-09 0.96799065 68.278385 0.022475035 0.11818716 0.058891437 0.69680349 3.0437048 -22.569411 -22.569411 865.10276 865.10276
 8 410.52763  2.104649e-09 0.96910738 68.685513 0.022640929 0.11730684 0.061542069 0.70190154 3.0467338 -22.569411 -22.569411 866.19408 866.19408
 6 410.78075 2.0899117e-09 0.96880853 68.516042 0.022606864  0.1176133 0.057904231 0.69984481 3.0397069 -22.569411 -22.569411 866.70032 866.70032
 1  411.3494 2.0590974e-09 0.96948846 68.563297 0.022575102 0.11743811 0.050938028 0.70069863 3.0248528 -22.569411 -22.569411 867.83762 867.83762
 1 413.24749 2.0319722e-09 0.97049357 68.177094  0.02248396 0.11803322  0.04466566  0.6962139 3.0115919 -22.569411 -22.569411 871.63381 871.63381
 2 411.86047 2.0441193e-09 0.97081837  68.22311 0.022474185 0.11791017 0.047600652 0.69690894 3.0175521 -22.569411 -22.569411 868.85977 868.85977
11 412.08306 2.0391692e-09  0.9698846 68.117041 0.022464307 0.11811553 0.045924081 0.69554296 3.0151275 -22.569411 -22.569411 869.30495 869.30495
 2 411.08862 2.0856987e-09 0.97243547 68.793353 0.022454555 0.11637349 0.058104103 0.70520141  3.037689 -22.569411 -22.569411 867.31605 867.31605
21 410.82241 2.0740241e-09 0.97228999 68.742892 0.022424401 0.11643154 0.055379835 0.70470944 3.0320758 -22.569411 -22.569411 866.78364 866.78364
 2 410.82231  2.074472e-09 0.97228496 68.742152 0.022426486 0.11643579 0.055486253 0.70468967 3.0322917 -22.569411 -22.569411 866.78344 866.78344
 1  410.3857 2.0837793e-09 0.97390042 68.990632 0.022446156 0.11587397 0.058551302  0.7079521 3.0367683 -22.569411 -22.569411 865.91023 865.91023
 7 410.09908 2.0656551e-09 0.97375779 68.893253 0.022411351 0.11612315 0.053977774 0.70667422 3.0280325 -22.569411 -22.569411 865.33698 865.33698
 4 410.13403 2.0654557e-09 0.97319055 68.750637 0.022406393 0.11642261 0.053834479 0.70483294  3.027936 -22.569411 -22.569411 865.40689 865.40689
 9 409.21862 2.0831123e-09 0.97358158 68.815279 0.022479526 0.11652752 0.057911195 0.70501125 3.0364481 -22.569411 -22.569411 863.57607 863.57607
10 409.59263 2.2063038e-09 0.98037738 69.906131 0.022596052 0.11450312   0.0897705 0.71804984 3.0939037 -22.569411 -22.569411 864.32408 864.32408
 2 409.69194 2.1107526e-09 0.97173141 68.569043 0.022538891 0.11769698 0.062888157 0.70027523 3.0496297 -22.569411 -22.569411 864.52269 864.52269
 6 410.72919 2.0842035e-09 0.97201923 68.620338 0.022569923 0.11775036 0.056928352  0.7005439 3.0369719 -22.569411 -22.569411  866.5972  866.5972
 3 411.35019 2.0852882e-09 0.97096365 68.415739 0.022564587 0.11829441  0.05645841 0.69759924 3.0374922 -22.569411 -22.569411  867.8392  867.8392
 2  411.4817 2.2037132e-09 0.97105709 69.018885 0.022672947 0.11706578 0.084487659 0.70521315 3.0927288 -22.569411 -22.569411 868.10223 868.10223
 4  411.4732 2.2017789e-09 0.97116421 69.016725 0.022668507 0.11706709 0.084055957 0.70520125 3.0918507 -22.569411 -22.569411 868.08521 868.08521
12 410.18547 2.2672975e-09 0.97281474 69.311531  0.02261224 0.11612076  0.10020169 0.70979067 3.1211737 -22.569411 -22.569411 865.50977 865.50977
 3 410.18599 2.2673697e-09  0.9728338 69.314918 0.022612497 0.11611355  0.10022773 0.70983349 3.1212055 -22.569411 -22.569411  865.5108  865.5108
 5  410.0637  2.266022e-09 0.97300235 69.322327 0.022610023 0.11608517  0.09994347 0.70995972  3.120611 -22.569411 -22.569411 865.26622 865.26622
 1  409.9562 2.2162295e-09  0.9716026 69.391807 0.022670724 0.11593613 0.088627794  0.7107237 3.0983924 -22.569411 -22.569411 865.05122 865.05122
 4 409.75639 2.1746569e-09 0.97191075 69.246196 0.022641447 0.11633405 0.078808102 0.70873703  3.079456 -22.569411 -22.569411  864.6516  864.6516
 5 412.35335 2.1662283e-09 0.97548421 69.523267 0.022510224 0.11548497 0.077422428 0.71308211 3.0755726 -22.569411 -22.569411 869.84553 869.84553
 1 411.82093 2.1949934e-09 0.97631975 69.663636  0.02252717 0.11516514 0.084578094 0.71486129 3.0887641 -22.569411 -22.569411 868.78068 868.78068
 7 411.02397 2.2318063e-09 0.97660425  69.74713 0.022454814 0.11474478 0.093879068 0.71655641 3.1053964 -22.569411 -22.569411 867.18675 867.18675
 3 410.57906  2.232934e-09 0.97700607  69.77775 0.022469853  0.1146914 0.094444998 0.71688386 3.1059015 -22.569411 -22.569411 866.29693 866.29693
 2 410.92721 2.1824308e-09   0.976768 69.575824 0.022392957  0.1149714 0.082645963 0.71481857 3.0830244 -22.569411 -22.569411 866.99325 866.99325
 2 411.10188 2.1589398e-09 0.97569519  69.90291 0.022567979 0.11451364   0.0768416 0.71805977 3.0722024 -22.569411 -22.569411 867.34259 867.34259
 2 412.23673 2.2512418e-09 0.97846813 70.663765 0.022620823 0.11261241  0.10044605 0.72780021 3.1140671 -22.569411 -22.569411 869.61228 869.61228
 7 411.11832 2.2407056e-09 0.97806239 70.269222 0.022574743 0.11313179 0.097463931 0.72377643 3.1093759 -22.569411 -22.569411 867.37545 867.37545
10 409.49125 2.1910777e-09  0.9730306 69.582564 0.022676245 0.11536406 0.083935661 0.71347774 3.0869786 -22.569411 -22.569411 864.12132 864.12132
12 409.80962 2.1126282e-09 0.97228605 69.238152 0.022559355  0.1160623 0.064416129 0.70940746 3.0505178 -22.569411 -22.569411 864.75807 864.75807
 3 410.45344 2.1264114e-09 0.97625388 69.278107 0.022453924 0.11548504 0.068865135 0.71116499 3.0570209 -22.569411 -22.569411 866.04571 866.04571
 4 409.76198 2.3274083e-09 0.97633521 69.753876 0.022573827 0.11445438  0.11589609 0.71696349 3.1473404 -22.569411 -22.569411 864.66279 864.66279
10 410.19264 2.3425172e-09  0.9769342 69.949486 0.022583969 0.11408358  0.11969111 0.71928137 3.1538112 -22.569411 -22.569411  865.5241  865.5241
 5 409.83606 2.3229683e-09 0.97891949 70.437585  0.02264015 0.11299253  0.11646563  0.7252442 3.1454309 -22.569411 -22.569411 864.81095 864.81095
 4 410.83252 2.3254602e-09 0.97918113 70.531055 0.022618567  0.1127563  0.11744235  0.7264902 3.1465031 -22.569411 -22.569411 866.80387 866.80387
 7 410.49172 2.3251456e-09  0.9802379 70.534137 0.022573615 0.11267181  0.11761549 0.72677427 3.1463678 -22.569411 -22.569411 866.12226 866.12226
 8 410.45482 2.2051741e-09 0.98088131 70.123275 0.022502065 0.11330551 0.090292182 0.72241995 3.0933915 -22.569411 -22.569411 866.04847 866.04847
 6 409.91857 2.2011904e-09 0.98099834 70.101522 0.022501784 0.11336004  0.08954856 0.72213728 3.0915834 -22.569411 -22.569411 864.97595 864.97595
 5 410.37084 2.2433315e-09  0.9815858 69.895477  0.02242332 0.11365275 0.099606436 0.72005808 3.1105471 -22.569411 -22.569411  865.8805  865.8805
 8 410.30523 2.2441339e-09 0.98138372 69.885618 0.022427574 0.11367778 0.099736203 0.71991913 3.1109048 -22.569411 -22.569411 865.74928 865.74928
 4 410.28362 2.2466377e-09  0.9813092  69.85909 0.022426262 0.11375527  0.10027278 0.71955029 3.1120198 -22.569411 -22.569411 865.70607 865.70607
 1 410.35762 2.2527934e-09 0.98177631 69.929249 0.022430999 0.11360946  0.10180544 0.72040124  3.114756 -22.569411 -22.569411 865.85407 865.85407
 1 410.24759 2.2508672e-09 0.98146642 69.813006 0.022414704 0.11390303  0.10107292 0.71890044 3.1139006 -22.569411 -22.569411   865.634   865.634
 2 411.76371 2.1631268e-09 0.98057944 69.774889 0.022651898 0.11461219  0.08008555 0.71664943 3.0741398 -22.569411 -22.569411 868.66625 868.66625
 2 410.09413 2.1170643e-09 0.97667864 69.417445 0.022625303 0.11558062  0.06708198 0.71176935 3.0526154 -22.569411 -22.569411 865.32707 865.32707
13 411.13363 2.1539293e-09 0.97718831 69.958288 0.022697506 0.11415897 0.076808211 0.71896598 3.0698788 -22.569411 -22.569411 867.40608 867.40608
 2 408.92761 2.1631631e-09 0.97844086 69.896632 0.022658551  0.1143883 0.079927234 0.71808028 3.0741567 -22.569411 -22.569411 862.99404 862.99404
 3  408.4345 2.1669225e-09 0.97844886 69.721181 0.022585376 0.11461789 0.080621157 0.71633785 3.0758931 -22.569411 -22.569411 862.00783 862.00783
 4 409.63548 2.2089304e-09 0.98193993  70.29715 0.022629248 0.11327637 0.091781747   0.723593 3.0950935 -22.569411 -22.569411 864.40979 864.40979
 2 411.43733 2.1732951e-09 0.98130585 70.561704 0.022639149 0.11296689 0.082723502 0.72626345 3.0788296 -22.569411 -22.569411 868.01349 868.01349
 1 411.10925 2.1767991e-09 0.98076439 70.512845 0.022641775  0.1130445 0.083365537 0.72572259 3.0804406 -22.569411 -22.569411 867.35731 867.35731
 4 408.83221 2.1827215e-09 0.98045187 70.211666 0.022606754 0.11366286 0.084919428 0.72218116 3.0831576 -22.569411 -22.569411 862.80324 862.80324
 4 408.86021 2.1796753e-09 0.98042141 70.182361 0.022603864 0.11373752 0.084135197 0.72180338  3.081761 -22.569411 -22.569411 862.85925 862.85925
 2 408.58948 2.1856313e-09 0.97980183 70.096503 0.022604687 0.11390465  0.08518365 0.72077964 3.0844898 -22.569411 -22.569411 862.31779 862.31779
 2 408.76539 2.1707485e-09 0.98035238 70.034204 0.022564884 0.11399151 0.081934252 0.72018673 3.0776571 -22.569411 -22.569411  862.6696  862.6696
10 408.07537 2.1947371e-09 0.97878239 69.797551 0.022519977 0.11442045 0.086966756 0.71749777 3.0886474 -22.569411 -22.569411 861.28956 861.28956
 2 408.34356 2.2088982e-09 0.97492106 69.008646 0.022482433 0.11633614 0.087783986 0.70705786 3.0950789 -22.569411 -22.569411 861.82595 861.82595
 3 408.38303 2.2126409e-09 0.97476446 68.965472 0.022474307 0.11638896 0.088755555 0.70659701 3.0967719 -22.569411 -22.569411 861.90488 861.90488
 4 408.44942 2.2131343e-09  0.9751642 68.990622 0.022472708 0.11631534 0.089031864 0.70696891 3.0969948 -22.569411 -22.569411 862.03767 862.03767
 2 408.31808 2.2186203e-09 0.97496932 69.016223 0.022466156 0.11624458 0.090234317 0.70734858 3.0994706 -22.569411 -22.569411 861.77497 861.77497
 5 408.02131  2.201438e-09 0.97699373 69.330619  0.02247653 0.11549716 0.087284298 0.71153011 3.0916959 -22.569411 -22.569411 861.18145 861.18145
 2 407.88058 2.2039481e-09 0.97706856 69.426481 0.022505636 0.11531033 0.088045549  0.7126534 3.0928354 -22.569411 -22.569411 860.89998 860.89998
19 408.17865 2.1719663e-09 0.97693688 69.209173 0.022464702 0.11566801 0.080592375 0.71018483  3.078218 -22.569411 -22.569411 861.49612 861.49612
 1 408.39354 2.1735689e-09 0.97738291  69.19822 0.022435819 0.11567422 0.081002656 0.71014044 3.0789556 -22.569411 -22.569411 861.92591 861.92591
 6  408.8576 2.1733356e-09  0.9789817 69.462396 0.022453608 0.11504727 0.082003081  0.7136035 3.0788482 -22.569411 -22.569411 862.85403 862.85403
 3 409.01581 2.1501607e-09 0.97752943 69.262068  0.02250875 0.11548679 0.075940915 0.71091326 3.0681277 -22.569411 -22.569411 863.17044 863.17044
 1 409.16595 2.1282982e-09 0.97617484  69.09681 0.022551602 0.11611406 0.070086638 0.70812522 3.0579078 -22.569411 -22.569411 863.47072 863.47072
 8 409.46192 2.1176523e-09 0.97252634 69.117663 0.022660015 0.11639438 0.065702151 0.70748761 3.0528932 -22.569411 -22.569411 864.06267 864.06267
 1 409.46216 2.1075273e-09 0.97531353 69.341466 0.022538915 0.11573637 0.064041377 0.71099311 3.0481005 -22.569411 -22.569411 864.06314 864.06314
 1 409.59238 2.2066714e-09  0.9813225 70.101175 0.022604299 0.11397513 0.090365743 0.72067424 3.0940703 -22.569411 -22.569411 864.32359 864.32359
5 409.32005 2.2281136e-09 0.98197774 70.402476 0.022640075 0.11328997 0.096010342 0.72437013 3.1037404 -22.569411 -22.569411 863.77893 863.77893
1 409.96357  2.260909e-09 0.98277617  70.72215 0.022604949  0.1124376  0.10418983  0.7286307  3.118352 -22.569411 -22.569411 865.06597 865.06597
1 410.84376 2.2541667e-09 0.98470468 71.083995  0.02265115 0.11157272  0.10364454 0.73300663 3.1153655 -22.569411 -22.569411 866.82634 866.82634
1 410.77172 2.2501508e-09 0.98457007 71.046847 0.022642495 0.11162534  0.10266444 0.73264023 3.1135823 -22.569411 -22.569411 866.68227 866.68227
5 409.16282 2.2162653e-09 0.97650685 69.510989 0.022511099 0.11518486 0.089995485 0.71360004 3.0984086 -22.569411 -22.569411 863.46446 863.46446
4 408.76434 2.1475222e-09 0.97452584 69.032445 0.022374653 0.11594297 0.073893006 0.70831102 3.0668998 -22.569411 -22.569411  862.6675  862.6675
3 408.83739 2.1488433e-09 0.97493128 69.071538 0.022369789 0.11579203 0.074472665 0.70896768 3.0675148 -22.569411 -22.569411 862.81361 862.81361
8 409.40626 2.1761863e-09 0.97320724 68.880235 0.022424097 0.11648883 0.080253683 0.70576574  3.080159 -22.569411 -22.569411 863.95134 863.95134
5 408.98583 2.2362141e-09 0.97442045 69.227728 0.022474678 0.11574987 0.094603916 0.71014854 3.1073694 -22.569411 -22.569411 863.11048 863.11048
5  408.4537 2.1692492e-09 0.97544846 69.496279 0.022634296 0.11521647 0.079871972 0.71315826 3.0769662 -22.569411 -22.569411 862.04623 862.04623
4 410.40544 2.1285732e-09 0.97429855 69.396296 0.022600445  0.1155583 0.068769037  0.7116916  3.058037 -22.569411 -22.569411 865.94971 865.94971
2 409.76755 2.2556212e-09 0.97330261  69.43529 0.022513816 0.11530564 0.098031061 0.71271908 3.1160105 -22.569411 -22.569411 864.67393 864.67393
5 409.97625 2.2850812e-09  0.9752318 69.602166 0.022457499  0.1146208  0.10589088 0.71562488 3.1289866 -22.569411 -22.569411 865.09131 865.09131
1 410.83236  2.288124e-09 0.97282299 68.804183 0.022380486 0.11644002  0.10530876 0.70531014 3.1303174 -22.569411 -22.569411 866.80355 866.80355
7 410.86592 2.2563989e-09 0.97290446 68.626651 0.022446927 0.11687949 0.097928954 0.70270929 3.1163552 -22.569411 -22.569411 866.87067 866.87067
2 414.89701  2.207495e-09 0.97551615 68.758071 0.022485788 0.11692892 0.086545553 0.70365789 3.0944435 -22.569411 -22.569411 874.93285 874.93285
5 414.67639  2.205483e-09 0.97591543 68.780265 0.022476013 0.11684995 0.086284656  0.7040367 3.0935316 -22.569411 -22.569411  874.4916  874.4916
3 413.17081 2.2103184e-09 0.97678188  69.05162  0.02253116 0.11629643 0.088105981 0.70740346 3.0957217 -22.569411 -22.569411 871.48044 871.48044
7 413.79121 2.1386373e-09  0.9763937 68.774341 0.022507802 0.11688148 0.071209927 0.70385183 3.0627539 -22.569411 -22.569411 872.72124 872.72124
3 413.48812 2.1353483e-09 0.97711613 68.969621  0.02254761 0.11650076 0.070890285 0.70624317 3.0612149 -22.569411 -22.569411 872.11507 872.11507
 3 413.27255 2.2723607e-09 0.97553396 69.238112  0.02266344 0.11626607  0.10182798 0.70876495 3.1234044 -22.569411 -22.569411 871.68392 871.68392
 3 413.28418 2.0176603e-09 0.96829167 68.321732 0.022550403 0.11798726 0.038952155 0.69745488 3.0045237 -22.569411 -22.569411 871.70719 871.70719
 1 412.27392  2.011343e-09 0.97094954 68.637863 0.022524933 0.11714425 0.038677896 0.70207883 3.0013877 -22.569411 -22.569411 869.68667 869.68667
 7 412.16897 2.0202298e-09 0.97043834 68.393191  0.02243484 0.11729757 0.041402371 0.69980827 3.0057964 -22.569411 -22.569411 869.47676 869.47676
17 412.62391 2.0336256e-09  0.9709845 68.295972 0.022394062 0.11738953 0.044668581 0.69884328 3.0124053 -22.569411 -22.569411 870.38663 870.38663
 1 411.77633 2.0050421e-09 0.97264869 68.442443 0.022388666 0.11713535 0.038362657 0.70068503 2.9982501 -22.569411 -22.569411 868.69148 868.69148
 1 412.14793 2.0013868e-09 0.97291821 68.357719 0.022374078 0.11731991 0.037678899 0.69957887 2.9964255 -22.569411 -22.569411 869.43468 869.43468
 5  413.4644 1.9892779e-09 0.97348705 68.193501 0.022306159 0.11759161 0.034807569 0.69769203 2.9903568 -22.569411 -22.569411 872.06762 872.06762
 1 414.37005 1.9914184e-09 0.97157888 67.826561 0.022306095 0.11846524 0.034434491 0.69251333 2.9914323 -22.569411 -22.569411 873.87893 873.87893
17 414.63132 2.0555714e-09 0.97278461 67.940522 0.022320201 0.11825259 0.049742374 0.69397414 3.0231389 -22.569411 -22.569411 874.40145 874.40145
16   414.018 2.0066088e-09 0.96987433 67.405646  0.02232605 0.12015947 0.035800399 0.68488832 2.9990312 -22.569411 -22.569411 873.17482 873.17482
 4  413.0473  2.101705e-09 0.96806195 68.748421 0.022476831  0.1171206 0.059726612 0.70318809  3.045334 -22.569411 -22.569411 871.23342 871.23342
 2 412.53754 2.1010709e-09 0.96814112 68.661404 0.022446001  0.1171677  0.05955867 0.70240077 3.0450322 -22.569411 -22.569411  870.2139  870.2139
 6 412.64195 2.1502997e-09 0.96842572  68.89205 0.022487304 0.11663226 0.071600036 0.70543127 3.0681923 -22.569411 -22.569411 870.42273 870.42273
 3 411.66872 2.1318267e-09 0.97196266 69.297571 0.022541178 0.11592384 0.068387095 0.71023177 3.0595643 -22.569411 -22.569411 868.47625 868.47625
 7 411.25738 2.1297634e-09 0.97191738 69.272937 0.022549304 0.11597008 0.067921551 0.70991235  3.058596 -22.569411 -22.569411 867.65358 867.65358
10  411.3317 2.1245463e-09 0.97254375 69.392172 0.022573557 0.11573136 0.067007358 0.71135379 3.0561434 -22.569411 -22.569411 867.80222 867.80222
 1 408.76823 2.1051312e-09 0.97098979 68.475744 0.022438372 0.11758628 0.061804922 0.69990838 3.0469629 -22.569411 -22.569411 862.67528 862.67528
 7 408.71476 2.1519361e-09 0.97287526 68.881281 0.022521285 0.11663396 0.074473931 0.70526395  3.068953 -22.569411 -22.569411 862.56834 862.56834
 7 409.12448 2.1810578e-09 0.97196426 68.794125 0.022557854 0.11699084 0.080697554 0.70368532 3.0823951 -22.569411 -22.569411 863.38778 863.38778
 5  408.1887 2.1698825e-09 0.97465166  69.08258 0.022544391 0.11631588   0.0786759 0.70759719 3.0772581 -22.569411 -22.569411 861.51622 861.51622
 3 408.13061 2.1636636e-09 0.97423686 68.949259 0.022511165 0.11653666 0.077014933 0.70607079  3.074388 -22.569411 -22.569411 861.40003 861.40003
 1 407.93815 2.1838639e-09 0.97723735 69.436434 0.022514904 0.11529432   0.0836001 0.71274976 3.0836808 -22.569411 -22.569411 861.01512 861.01512
12  408.8188  2.192044e-09  0.9752527 69.313184 0.022536732  0.1156361 0.085091648 0.71097046 3.0874195 -22.569411 -22.569411 862.77643 862.77643
 1 409.12229 2.2052223e-09 0.97908463   70.1788 0.022630711 0.11356808  0.09040849 0.72206468 3.0934134 -22.569411 -22.569411 863.38339 863.38339
10 408.58421 2.2358176e-09 0.97986056 70.150784 0.022616472 0.11387963  0.09678788 0.72123849 3.1071921 -22.569411 -22.569411 862.30724 862.30724
 4 408.58247 2.2356817e-09 0.97985585 70.149459 0.022616212  0.1138826  0.09675191 0.72122245 3.1071313 -22.569411 -22.569411 862.30377 862.30377
 4 409.31947 2.2200939e-09  0.9810034 70.175627 0.022602337 0.11384273 0.093335942 0.72153946 3.1001346 -22.569411 -22.569411 863.77776 863.77776
 1 409.52181 2.2051406e-09  0.9806762 69.991225 0.022531406 0.11403224 0.089539508 0.71982817 3.0933764 -22.569411 -22.569411 864.18244 864.18244
 1 409.25587 2.2583475e-09 0.98159738 70.135184 0.022516842 0.11366534  0.10242313 0.72175266 3.1172185 -22.569411 -22.569411 863.65055 863.65055
12 409.26517 2.2575595e-09 0.98105495 70.092277 0.022508563  0.1137926  0.10185045 0.72116971 3.1168695 -22.569411 -22.569411 863.66916 863.66916
 9 409.69096 2.2991577e-09 0.97910214 69.877797 0.022551191 0.11446997   0.1100064 0.71798089 3.1351279 -22.569411 -22.569411 864.52074 864.52074
 8 409.89175 2.3051433e-09 0.98170408 70.140885 0.022517134 0.11360178  0.11281253 0.72192647 3.1377279 -22.569411 -22.569411 864.92233 864.92233
 8 408.84603 2.2986716e-09 0.97920309 70.011036 0.022567934 0.11389959  0.11081584 0.72018282 3.1349165 -22.569411 -22.569411 862.83087 862.83087
 6 412.45786 2.2696341e-09 0.98336159 70.645671 0.022415692 0.11202866  0.10647793 0.72924143 3.1222037 -22.569411 -22.569411 870.05455 870.05455
 3 412.14377 2.3509614e-09 0.98260939  70.54272 0.022544876 0.11277174  0.12398749 0.72669771 3.1574094 -22.569411 -22.569411 869.42637 869.42637
 2 410.63178 2.3375363e-09   0.981139 70.231442 0.022520958 0.11345468  0.12004699  0.7229336 3.1516826 -22.569411 -22.569411 866.40237 866.40237
 8 410.58143 2.3295901e-09 0.97994023 70.150008 0.022549728 0.11384525   0.1170717 0.72143782 3.1482774 -22.569411 -22.569411 866.30167 866.30167
 2 412.19139 2.2925443e-09 0.98210003 69.976469 0.022510643 0.11392747  0.10961516 0.71996637 3.1322474 -22.569411 -22.569411  869.5216  869.5216
 4 410.60081 2.3109491e-09 0.97992773 69.720479 0.022454234 0.11423689  0.11342117 0.71738571 3.1402434 -22.569411 -22.569411 866.34044 866.34044
11 411.03635  2.313166e-09 0.97822218 69.451633 0.022465487 0.11492917  0.11290294 0.71373495 3.1412022 -22.569411 -22.569411 867.21153 867.21153
 2 409.88833 2.3157039e-09 0.97823157 69.959573 0.022546148 0.11384977  0.11400381 0.71991729 3.1422988 -22.569411 -22.569411 864.91548 864.91548
 1 410.31766 2.2931068e-09 0.98062225 70.322762 0.022650469 0.11330512  0.10980293 0.72369327 3.1324927 -22.569411 -22.569411 865.77414 865.77414
 5  409.9538 2.3205672e-09 0.97973473 70.207337  0.02266956 0.11357491    0.115874 0.72219791 3.1443967 -22.569411 -22.569411 865.04642 865.04642
 5 410.25193 2.3311838e-09 0.98025284  70.24544 0.022628595 0.11333921  0.11842785 0.72305987 3.1489613 -22.569411 -22.569411 865.64268 865.64268
10 410.25494 2.3540186e-09 0.98106573 70.544552 0.022607058 0.11272695  0.12376522 0.72667696  3.158709 -22.569411 -22.569411 865.64871 865.64871
 4 410.10329 2.3392909e-09 0.98002315 70.303741 0.022548821 0.11319847  0.11983478 0.72396516  3.152433 -22.569411 -22.569411 865.34541 865.34541
 5 410.33757 2.3384217e-09 0.97952317  70.14548 0.022504045 0.11348048   0.1192896 0.72223604 3.1520613 -22.569411 -22.569411 865.81397 865.81397
 2 410.97416 2.2724376e-09 0.97731936 69.738059 0.022434305 0.11456823  0.10398084 0.71688786 3.1234382 -22.569411 -22.569411 867.08715 867.08715
 1 410.69159  2.165575e-09 0.96942338 68.777627 0.022480288 0.11711558 0.075396499 0.70344341  3.075271 -22.569411 -22.569411   866.522   866.522
 8  410.5036 2.0858737e-09 0.97171376 69.083197 0.022552688 0.11604341 0.058702902 0.70815593 3.0377729 -22.569411 -22.569411 866.14602 866.14602
 4 410.78817 2.0842243e-09 0.97139665 69.096809 0.022559927 0.11599053 0.058143626 0.70836651 3.0369819 -22.569411 -22.569411 866.71516 866.71516
 4 409.29002 2.0763675e-09 0.97296959  68.99222 0.022561456 0.11634041 0.056490953 0.70674337 3.0332051 -22.569411 -22.569411 863.71887 863.71887
 1 408.38042 2.1915288e-09 0.97196093 68.837664 0.022494561 0.11674449  0.08252785 0.70471347 3.0871845 -22.569411 -22.569411 861.89967 861.89967
 2 408.80075 2.1892597e-09 0.97249034  68.74559 0.022491964 0.11696527 0.081976589 0.70346029 3.0861486 -22.569411 -22.569411 862.74032 862.74032
 5 408.87085 2.1895557e-09 0.97193645  68.69256 0.022512149 0.11716203 0.081843811  0.7025425 3.0862837 -22.569411 -22.569411 862.88052 862.88052
 3 409.10738 2.1746317e-09 0.97201362 68.827337 0.022589383 0.11693537 0.078650036 0.70402175 3.0794444 -22.569411 -22.569411 863.35358 863.35358
 2 409.10139  2.193056e-09 0.97213704 68.915971 0.022599895 0.11671372 0.083073551 0.70522714 3.0878811 -22.569411 -22.569411 863.34161 863.34161
 8 408.99072 2.1824551e-09 0.97269542 68.974267   0.0226035 0.11658438 0.080846641  0.7059895 3.0830355 -22.569411 -22.569411 863.12027 863.12027
 3  409.6769 2.1704149e-09 0.97409625 69.295094 0.022690269 0.11601626 0.078755351 0.70970809 3.0775034 -22.569411 -22.569411 864.49262 864.49262
 8 409.12969 2.1479199e-09 0.97677911 69.641787 0.022657559 0.11508294 0.074796363 0.71458301  3.067085 -22.569411 -22.569411 863.39821 863.39821
 1 408.22657 2.1968037e-09 0.97862226 70.039972 0.022637183 0.11402314 0.087562137 0.72002096 3.0895885 -22.569411 -22.569411 861.59196 861.59196
 3 408.26403 2.1989174e-09 0.97906523 70.046577 0.022627633 0.11397998 0.088192964 0.72018117 3.0905503 -22.569411 -22.569411 861.66689 861.66689
10  408.3123 2.1963665e-09  0.9790933  70.09134 0.022638205 0.11390619 0.087720309 0.72066716 3.0893895 -22.569411 -22.569411 861.76341 861.76341
 2 408.90748 2.1307726e-09 0.97538157 69.393155 0.022644535 0.11554392 0.070520515 0.71160382 3.0590697 -22.569411 -22.569411 862.95378 862.95378
 4 409.89759 2.1064382e-09 0.97441236 68.957043 0.022616415 0.11676925 0.063754452 0.70542666 3.0475835 -22.569411 -22.569411 864.93401 864.93401
 6 409.84309 2.1014196e-09 0.97395754 68.855477 0.022591977 0.11697082 0.062405603 0.70418338 3.0451982 -22.569411 -22.569411   864.825   864.825
20 409.75001 2.0953013e-09 0.97296922 68.740561 0.022589825 0.11724894 0.060375467 0.70260948 3.0422824 -22.569411 -22.569411 864.63885 864.63885
 3 409.97942 2.0919433e-09 0.97302402 68.749775 0.022601488 0.11725952  0.05949001 0.70264212 3.0406785 -22.569411 -22.569411 865.09765 865.09765
 4 409.84366 2.1017978e-09 0.97332313  68.89955 0.022615618 0.11683448 0.061951055 0.70479912 3.0453782 -22.569411 -22.569411 864.82614 864.82614
 1 409.42287 2.2028998e-09 0.97789472 69.450751   0.0225895 0.11546741 0.088260884 0.71235468 3.0923597 -22.569411 -22.569411 863.98456 863.98456
 1 409.41207 2.2038784e-09 0.97791132  69.45489 0.022588518 0.11544856 0.088516027 0.71243006 3.0928038 -22.569411 -22.569411 863.96296 863.96296
 6 408.77972 2.1759206e-09 0.97911295 69.788908 0.022613264 0.11470654 0.082515181 0.71664887 3.0800369 -22.569411 -22.569411 862.69826 862.69826
 1 408.31261 2.1923067e-09 0.97825742 69.717695 0.022599181 0.11484868 0.086023205 0.71580625 3.0875394 -22.569411 -22.569411 861.76404 861.76404
 7 409.28577 2.1997904e-09 0.97804995 69.763075 0.022622211 0.11474106  0.08822792 0.71634965 3.0909472 -22.569411 -22.569411 863.71036 863.71036
 2 409.09349 2.2164544e-09 0.97751262 69.481038 0.022538615 0.11523937 0.091561148 0.71318316 3.0984939 -22.569411 -22.569411  863.3258  863.3258
 8 408.30368 2.1502178e-09 0.97715101  69.43022  0.02256832 0.11542427 0.075504235 0.71231795 3.0681542 -22.569411 -22.569411 861.74618 861.74618
 4 408.16708 2.1869572e-09  0.9786446 69.885263 0.022589559 0.11421429 0.085333949 0.71848609 3.0850962 -22.569411 -22.569411 861.47297 861.47297
 4  408.1316 2.1957801e-09 0.97888547 69.927511 0.022590152 0.11413978 0.087408805 0.71897731 3.0891225 -22.569411 -22.569411 861.40202 861.40202
 1 408.22251 2.1975121e-09 0.97931288 70.025793 0.022591207  0.1139053 0.088095698 0.72024163  3.089911 -22.569411 -22.569411 861.58385 861.58385
 6  408.5077 2.2003223e-09  0.9792031 69.934108 0.022558581 0.11407803 0.088910503 0.71922115 3.0911889 -22.569411 -22.569411 862.15423 862.15423
10  408.2138 2.1979039e-09 0.97814964 69.665396 0.022490972 0.11470999 0.087403782 0.71588812 3.0900892 -22.569411 -22.569411 861.56641 861.56641
12 408.47269 2.1840087e-09 0.97646901 69.599534 0.022494066 0.11497434 0.083318543 0.71479805 3.0837471 -22.569411 -22.569411  862.0842  862.0842
 2 409.12833 2.2223366e-09 0.97622217 69.720985 0.022501667 0.11459156  0.09253112 0.71656262 3.1011442 -22.569411 -22.569411 863.39549 863.39549
 3 409.07933 2.2204615e-09  0.9760351 69.686896 0.022495573 0.11466817 0.091962632 0.71614005 3.1003002 -22.569411 -22.569411 863.29748 863.29748
11 409.15261 2.2195071e-09 0.97605944 69.668219 0.022489626 0.11469723 0.091777745 0.71594021 3.0998703 -22.569411 -22.569411 863.44405 863.44405
 7 410.09582 2.2537076e-09 0.97309605 68.662672 0.022368965  0.1169571   0.0972097 0.70302186 3.1151618 -22.569411 -22.569411 865.33047 865.33047
 9 410.19385 2.2208178e-09 0.97335782 68.512473  0.02230535 0.11711259 0.089896476 0.70152258 3.1004606 -22.569411 -22.569411 865.52652 865.52652
 5 410.14035  2.215999e-09 0.97211885 68.390147  0.02231132 0.11742754 0.088211526 0.69976775 3.0982884 -22.569411 -22.569411 865.41951 865.41951
 3 409.30268 2.1274518e-09 0.97184829 68.603873  0.02235534 0.11714142 0.067310501  0.7021499   3.05751 -22.569411 -22.569411 863.74419 863.74419
 7 409.71113 2.1447417e-09 0.97094531  68.52907 0.022345135 0.11731181 0.071013254 0.70115821 3.0656042 -22.569411 -22.569411 864.56107 864.56107
 9 410.04147 2.1568778e-09 0.97043219 68.665351 0.022404497 0.11708543 0.073454305 0.70269751 3.0712468 -22.569411 -22.569411 865.22177 865.22177
 1 409.58837 2.1647556e-09 0.97126991 68.767025 0.022405195 0.11686302  0.07576823 0.70404484 3.0748926 -22.569411 -22.569411 864.31556 864.31556
 3 410.67459  2.059611e-09 0.97048442 68.574413 0.022408609 0.11728643 0.050840385 0.70147227 3.0251022 -22.569411 -22.569411   866.488   866.488
 3 410.74289 2.0511265e-09 0.97050406 68.525115 0.022399955 0.11739884  0.04868904 0.70082163 3.0209743 -22.569411 -22.569411 866.62461 866.62461
 2 411.38027 2.0269006e-09 0.97168059 68.724953  0.02241451 0.11699093 0.043065382 0.70339183 3.0090929 -22.569411 -22.569411 867.89937 867.89937
 4 410.73309 2.0236255e-09 0.97099116 68.409301 0.022399372 0.11777791 0.041513815 0.69899902 3.0074758 -22.569411 -22.569411   866.605   866.605
 4 410.71432 2.0238586e-09 0.97102435 68.409796 0.022399577 0.11777868 0.041551496  0.6990013  3.007591 -22.569411 -22.569411 866.56747 866.56747
 7 410.18212 2.0578438e-09 0.97199936 68.559144 0.022401257 0.11740878 0.050135071 0.70109465 3.0242438 -22.569411 -22.569411 865.50307 865.50307
 3 410.22134  2.059524e-09 0.97203233 68.566365 0.022402085 0.11739518 0.050534287 0.70118476   3.02506 -22.569411 -22.569411 865.58151 865.58151
 6 412.41721 2.1509224e-09 0.97024799 69.172994 0.022525057 0.11628213 0.072495145 0.70847201 3.0684819 -22.569411 -22.569411 869.97324 869.97324
 8 412.21671 2.1477301e-09 0.96876998 68.932598 0.022529972 0.11685447 0.070979546 0.70522027 3.0669966 -22.569411 -22.569411 869.57224 869.57224
 2 411.90238 2.1593507e-09 0.97120518  69.32336 0.022552749 0.11583325 0.074730251 0.71061174 3.0723927 -22.569411 -22.569411 868.94358 868.94358
 1  412.6875 2.1459707e-09 0.97208502 69.454297 0.022559145 0.11547832 0.071924337 0.71242435 3.0661771 -22.569411 -22.569411 870.51383 870.51383
 8 410.28448 2.3066164e-09  0.9762501 70.191177 0.022681136 0.11398481   0.1111434  0.7212145 3.1383668 -22.569411 -22.569411 865.70777 865.70777
 2 410.88128 2.3199498e-09 0.97528263 70.016303 0.022657493 0.11435753  0.11381685 0.71910809 3.1441306 -22.569411 -22.569411 866.90138 866.90138
20  409.2047 2.2681036e-09 0.97502761 69.831483 0.022614491 0.11462431  0.10184071 0.71716037 3.1215292 -22.569411 -22.569411 863.54823 863.54823
 1 414.94188 2.1489244e-09 0.97882626 70.467791 0.022683962 0.11289319  0.07636428 0.72559151 3.0675525 -22.569411 -22.569411 875.02258 875.02258
 1 410.36399 2.1914533e-09 0.98125083 70.499706 0.022635632 0.11268825 0.087825402 0.72634949   3.08715 -22.569411 -22.569411  865.8668  865.8668
 2 411.50237 2.1484623e-09 0.98109121 70.363651 0.022635856 0.11308141 0.077238468 0.72449564 3.0673375 -22.569411 -22.569411 868.14356 868.14356
 1 409.81546 2.1415465e-09 0.98042097 70.227263 0.022608861 0.11337154   0.0756329 0.72289097 3.0641133 -22.569411 -22.569411 864.76975 864.76975
 2 410.77882 2.2050907e-09 0.97311229 69.208916 0.022696143 0.11606032 0.087453839 0.70888046 3.0933537 -22.569411 -22.569411 866.69646 866.69646
 1 410.40267 2.1482165e-09 0.97177314 69.030658 0.022706199  0.1165591  0.07323876  0.7063072 3.0672231 -22.569411 -22.569411 865.94416 865.94416
 3 410.26404 2.1556636e-09 0.97200633 69.077849 0.022712393 0.11649981 0.075067174  0.7068196 3.0706837 -22.569411 -22.569411  865.6669  865.6669
 3 411.40378 2.1558533e-09 0.97445046 69.125325 0.022596897 0.11598125 0.076893032 0.70854913 3.0707717 -22.569411 -22.569411 867.94637 867.94637
 2 410.42367 2.0999291e-09 0.97364712 68.997684 0.022563356 0.11629467  0.06295519  0.7068819 3.0444887 -22.569411 -22.569411 865.98616 865.98616
 1 409.28536 2.1344429e-09 0.97409277 68.987974 0.022547227 0.11628656 0.071144026 0.70685032 3.0607908 -22.569411 -22.569411 863.70954 863.70954
 1 409.65847 2.1210364e-09 0.97205121 68.653005 0.022490636  0.1169377 0.067011051 0.70272124 3.0544899 -22.569411 -22.569411 864.45577 864.45577
 5 409.59825 2.0984293e-09 0.97141828 68.557697 0.022506077 0.11719432 0.061070812  0.7013153 3.0437742 -22.569411 -22.569411 864.33532 864.33532
 2 410.21527 2.1836227e-09 0.97051578 68.484113 0.022538021 0.11753573 0.080067032 0.69987704 3.0835704 -22.569411 -22.569411 865.56937 865.56937
 2 410.60684 2.2964418e-09 0.97550837 69.222001 0.022448994 0.11556121  0.10873016 0.71054791  3.133946 -22.569411 -22.569411 866.35251 866.35251
 1 410.40217 2.2895917e-09  0.9751149 69.104795 0.022429899 0.11581445   0.1068792 0.70907492 3.1309586 -22.569411 -22.569411 865.94317 865.94317
 2 411.37807 2.3058363e-09 0.97609516 69.211923 0.022424161 0.11550775  0.11108001 0.71062705 3.1380285 -22.569411 -22.569411 867.89496 867.89496
 2  410.1715 2.2607989e-09 0.97569658 69.367153  0.02250724 0.11524756  0.10003935 0.71228879 3.1183034 -22.569411 -22.569411 865.48182 865.48182
 4 409.67587 2.2563532e-09 0.97657473 69.546207 0.022513781 0.11481292 0.099612976 0.71465348  3.116335 -22.569411 -22.569411 864.49057 864.49057
 2 408.89975 2.2589157e-09 0.97550282 69.447291 0.022524255 0.11504982  0.10007237 0.71332715   3.11747 -22.569411 -22.569411 862.93831 862.93831
 4 410.91282 2.2235932e-09 0.97391253 69.248213 0.022534491 0.11560487 0.090730648 0.71049765 3.1017096 -22.569411 -22.569411 866.96446 866.96446
 1 409.36402 2.1684356e-09 0.97418575 68.873923 0.022451431 0.11634985 0.079125651 0.70594716 3.0765911 -22.569411 -22.569411 863.86686 863.86686
 2 410.04619 2.1668046e-09 0.98065461 69.622335 0.022516496 0.11492593 0.080711395 0.71503843 3.0758386 -22.569411 -22.569411 865.23121 865.23121
 3 410.78613 2.1539882e-09 0.97977904 69.294417  0.02246831 0.11564956 0.076938361 0.71092836 3.0699062 -22.569411 -22.569411 866.71108 866.71108
 2 409.50298 2.2121932e-09 0.98031819 69.658099 0.022474015 0.11471805 0.091424361 0.71584693 3.0965695 -22.569411 -22.569411 864.14478 864.14478
 7 408.74013 2.1933309e-09 0.97904159 69.547958 0.022479573 0.11504363 0.086106934  0.7142616 3.0880064 -22.569411 -22.569411 862.61908 862.61908
 1 408.31872 2.1777489e-09 0.97830062 69.631965 0.022517206 0.11488876 0.082260857 0.71519243 3.0808768 -22.569411 -22.569411 861.77627 861.77627
 2 408.20581 2.1409434e-09 0.97607564 69.428097 0.022602184 0.11549644 0.073042404  0.7120804 3.0638317 -22.569411 -22.569411 861.55044 861.55044
 4  408.2551 2.1295129e-09 0.97532434 69.328124  0.02259559 0.11572979 0.069909933 0.71077764 3.0584783 -22.569411 -22.569411 861.64902 861.64902
 9 407.98914 2.2153358e-09 0.97615914 69.426394 0.022555871 0.11538193 0.090545414 0.71239992 3.0979891 -22.569411 -22.569411 861.11709 861.11709
 4  407.8693 2.1955709e-09 0.97601215 69.363172 0.022545136 0.11558067 0.085723246 0.71148464 3.0890272 -22.569411 -22.569411 860.87742 860.87742
24 407.87434 2.1988452e-09  0.9761234   69.3556 0.022537578 0.11556716 0.086534222 0.71146545 3.0905174 -22.569411 -22.569411  860.8875  860.8875
 4 409.29541 2.1883607e-09 0.97587303 69.095487 0.022464915 0.11619968 0.083812163 0.70811627 3.0857378 -22.569411 -22.569411 863.72964 863.72964
 1 409.88679 2.2137897e-09 0.97625447 69.267798 0.022478283 0.11583874 0.090008809 0.71029106  3.097291 -22.569411 -22.569411  864.9124  864.9124
3 409.52598   2.19602e-09 0.97378244 69.394761 0.022566527 0.11579934 0.084809998 0.71124875 3.0892317 -22.569411 -22.569411 864.19079 864.19079
6 409.52049  2.176273e-09 0.97589091 69.786024 0.022582221 0.11482392 0.081404025 0.71644817 3.0801989 -22.569411 -22.569411  864.1798  864.1798
1 409.72352 2.2482765e-09 0.97720606  70.05027 0.022561533 0.11408839 0.098597619 0.72012447  3.112749 -22.569411 -22.569411 864.58586 864.58586
4  413.5051 2.2888222e-09 0.97883222  70.08659 0.022533615 0.11396412  0.10893102 0.72072429 3.1306225 -22.569411 -22.569411 872.14903 872.14903
2 411.89915 2.2779589e-09 0.97824637 69.928739 0.022510399 0.11420954  0.10619722 0.71900764 3.1258649 -22.569411 -22.569411 868.93711 868.93711
2 412.83668 2.2492749e-09  0.9784064 69.731763 0.022470785 0.11462769 0.099779259 0.71663944  3.113193 -22.569411 -22.569411 870.81218 870.81218
6 411.84387 2.2355251e-09 0.97836426 69.719496  0.02248192 0.11467984 0.096560796 0.71640951 3.1070613 -22.569411 -22.569411 868.82657 868.82657
4 412.27771 2.2444476e-09 0.98392624 70.731405 0.022551809 0.11243352  0.10104223 0.72881608 3.1110445 -22.569411 -22.569411 869.69424 869.69424
6 411.72199 2.2384234e-09 0.98361465 70.732042 0.022532782 0.11238702 0.099346399 0.72895193 3.1083569 -22.569411 -22.569411 868.58281 868.58281
2  413.2246 2.2608391e-09 0.98382756 70.941448 0.022542392 0.11195532  0.10464401 0.73138844 3.1183211 -22.569411 -22.569411 871.58802 871.58802
3 412.93334 2.2345398e-09 0.98138352  70.90481 0.022597876 0.11199541 0.098200438 0.73092068 3.1066204 -22.569411 -22.569411 871.00549 871.00549
1 414.72613  2.245142e-09 0.98181507 70.974576 0.022585041 0.11180558  0.10107743 0.73185173 3.1113539 -22.569411 -22.569411 874.59108 874.59108
3 414.36832 2.2237541e-09 0.98397596 71.289201 0.022589089 0.11095908 0.096931812 0.73587104 3.1017819 -22.569411 -22.569411 873.87546 873.87546
4 414.62185 2.1886028e-09 0.98114029 70.876336 0.022542941 0.11189124 0.087510673 0.73102115 3.0858485 -22.569411 -22.569411 874.38252 874.38252
3 411.64127 2.3060533e-09 0.97788735 69.751695  0.02236078 0.11410083  0.11190564 0.71811036 3.1381226 -22.569411 -22.569411 868.42136 868.42136
1 410.77767  2.267122e-09 0.97599636 69.462604 0.022345603 0.11474713   0.1020828 0.71445111 3.1210963 -22.569411 -22.569411 866.69417 866.69417
1 409.52791  2.261871e-09 0.97615152 69.312819 0.022401882 0.11520683  0.10125745 0.71214164 3.1187774 -22.569411 -22.569411 864.19465 864.19465
6 408.74168 2.2368763e-09 0.97606748 69.556499 0.022482056 0.11474369 0.095300413 0.71494658 3.1076655 -22.569411 -22.569411 862.62219 862.62219
2 411.38012 2.2944595e-09  0.9750702 69.265867  0.02242138   0.115416  0.10828263 0.71127462 3.1330824 -22.569411 -22.569411 867.89906 867.89906
2 411.00582 2.2943502e-09 0.97802257 70.559879 0.022684806 0.11311195  0.10926856 0.72586622 3.1330348 -22.569411 -22.569411 867.15046 867.15046
 2 411.78364 2.2813675e-09 0.97744181 70.529116  0.02268381 0.11317124  0.10592373 0.72550984 3.1273602 -22.569411 -22.569411 868.70611 868.70611
 1 412.60221 2.1836704e-09 0.97455148 70.042777 0.022703814 0.11443857 0.082036992 0.71906078 3.0835922 -22.569411 -22.569411 870.34324 870.34324
 2 412.25296 2.2077407e-09  0.9759981 70.327219 0.022669367 0.11372808 0.088916352 0.72283489 3.0945548 -22.569411 -22.569411 869.64475 869.64475
 1 412.39669 2.2039875e-09 0.97570427 70.276983 0.022663645 0.11385463 0.087916643 0.72219386 3.0928533 -22.569411 -22.569411  869.9322  869.9322
 1 412.54047 2.1120703e-09 0.97201842 69.695351 0.022689466 0.11516886 0.064848134 0.71477898 3.0502538 -22.569411 -22.569411 870.21975 870.21975
 1 412.32676 2.1054122e-09 0.97245635 69.705981 0.022697576 0.11517523 0.063503062 0.71483615 3.0470964 -22.569411 -22.569411 869.79235 869.79235
 6 410.36776 2.1023097e-09 0.97021432 68.084595 0.022414965 0.11846391 0.059928526 0.69460762 3.0456217 -22.569411 -22.569411 865.87434 865.87434
 5 410.38681 2.0966691e-09 0.96931389 67.853704 0.022394348 0.11892162 0.058824266 0.69157638  3.042935 -22.569411 -22.569411 865.91244 865.91244
 1 410.82932 2.0905046e-09 0.97015076 67.950979 0.022407311 0.11873586 0.057917744 0.69283301 3.0399906 -22.569411 -22.569411 866.79746 866.79746
 3 410.00956 2.0852331e-09 0.97095149 68.091524 0.022407438 0.11840026 0.056895122  0.6948233 3.0374657 -22.569411 -22.569411 865.15794 865.15794
 2  410.4358 2.0991972e-09 0.97091862 68.084729 0.022396445 0.11838473 0.060431619 0.69481958 3.0441401 -22.569411 -22.569411 866.01042 866.01042
11 411.40317 2.0726501e-09 0.96655219 67.520813 0.022302175 0.11953358 0.051694568 0.68738757 3.0314131 -22.569411 -22.569411 867.94516 867.94516
 3 410.89293 2.0870847e-09 0.96734031 68.012239 0.022363179 0.11834072 0.055870172 0.69433574 3.0383533 -22.569411 -22.569411 866.92468 866.92468
 5 410.22677 2.1250966e-09  0.9698653 68.209334  0.02236696  0.1177026  0.06660569  0.6974631 3.0564023 -22.569411 -22.569411 865.59237 865.59237
 8 410.99183 2.1180394e-09 0.97373919 69.228862 0.022524403 0.11532525 0.067449302 0.71094027  3.053076 -22.569411 -22.569411 867.12249 867.12249
 6 411.60616 2.0731418e-09 0.97006922 68.036809 0.022392005 0.11835534 0.052902906 0.69446262 3.0316503 -22.569411 -22.569411 868.35115 868.35115
 9 410.56192 2.0158618e-09 0.97065268 68.298193 0.022401951 0.11794226 0.039356596 0.69766102 3.0036319 -22.569411 -22.569411 866.26267 866.26267
 7 409.73221 2.1285901e-09 0.96971329 68.622066 0.022543833 0.11764812 0.066630969 0.70083151 3.0580449 -22.569411 -22.569411 864.60324 864.60324
 8 409.58649 2.1370642e-09 0.96953054 68.596855 0.022541689 0.11767643 0.068562027 0.70055594 3.0620181 -22.569411 -22.569411  864.3118  864.3118
 2  409.7455 2.2075422e-09 0.97238208 68.887771 0.022536139 0.11671301 0.087224258 0.70512161 3.0944648 -22.569411 -22.569411 864.62983 864.62983
 4 409.14597 2.1967644e-09 0.97463964 69.158945 0.022562842 0.11616163 0.085617645 0.70852649 3.0895706 -22.569411 -22.569411 863.43076 863.43076
10 409.27156  2.175946e-09 0.97938765 69.767195 0.022613628  0.1147124 0.082430104 0.71645969 3.0800486 -22.569411 -22.569411 863.68195 863.68195
12 409.62367 2.1283595e-09 0.97946114 69.762036  0.02259211 0.11444779 0.072029824 0.71700567 3.0579366 -22.569411 -22.569411 864.38616 864.38616
16 409.74319 2.2000857e-09  0.9787392 70.001146 0.022689309 0.11401187 0.088989405 0.71962692 3.0910814 -22.569411 -22.569411 864.62521 864.62521
 3 410.09474 2.2085598e-09  0.9789628 70.071019 0.022681866 0.11388908  0.09125332 0.72045103 3.0949257 -22.569411 -22.569411 865.32829 865.32829
 5 410.09458 2.2171687e-09  0.9731568 68.908209 0.022536218 0.11652175 0.089965222 0.70569912 3.0988161 -22.569411 -22.569411 865.32799 865.32799
 4 408.93231 2.1660039e-09 0.97062965 68.608774 0.022554387 0.11737432 0.076308515 0.70127483  3.075469 -22.569411 -22.569411 863.00345 863.00345
 7 409.78633 2.2251918e-09 0.97168584 68.620348 0.022493265  0.1172231 0.090613505 0.70182654 3.1024282 -22.569411 -22.569411 864.71148 864.71148
 1 410.21751 2.1691146e-09 0.97097966 68.467878 0.022553095 0.11758169 0.077235008 0.69960449 3.0769041 -22.569411 -22.569411 865.57383 865.57383
 4 410.19742 2.1978041e-09 0.97225422 68.709153 0.022575981 0.11703772 0.084773995 0.70281425 3.0900438 -22.569411 -22.569411 865.53367 865.53367
 2 409.77246  2.213907e-09 0.97515686 69.134947 0.022592066 0.11619354 0.089783208  0.7081962 3.0973439 -22.569411 -22.569411 864.68374 864.68374
 6 409.28646 2.2593356e-09 0.97801185 69.696676 0.022590371 0.11471166  0.10173358 0.71593501 3.1176559 -22.569411 -22.569411 863.71173 863.71173
 4 408.51481 2.2421942e-09 0.97680198 69.914338 0.022673774 0.11457635 0.096925437  0.7178072   3.11004 -22.569411 -22.569411 862.16845 862.16845
 5  408.9546 2.2111262e-09 0.97698207 70.086572 0.022685928 0.11416288 0.089860608 0.72000944 3.0960871 -22.569411 -22.569411 863.04802 863.04802
12 409.16461  2.225631e-09 0.97799799 70.209806 0.022706985 0.11397133 0.093565054 0.72133733 3.1026256 -22.569411 -22.569411 863.46805 863.46805
 3 410.28953 2.0935664e-09 0.97657626 69.748119  0.02257196 0.11475717 0.061716934  0.7162982 3.0414541 -22.569411 -22.569411 865.71789 865.71789
 1 410.80203 2.0711472e-09 0.97706924 69.650334 0.022562642 0.11487543 0.056376268 0.71527647 3.0306878 -22.569411 -22.569411 866.74288 866.74288
 2 410.56253 2.0820296e-09 0.97774683 69.670204 0.022544503  0.1147999 0.059243303 0.71563182 3.0359283 -22.569411 -22.569411 866.26388 866.26388
 6 410.34428 2.1264168e-09 0.97339104 68.436541 0.022389778 0.11748592 0.067113437 0.69988252 3.0570234 -22.569411 -22.569411 865.82739 865.82739
 3 410.18949 2.2431081e-09 0.97010072 69.078024 0.022565573 0.11621404 0.094254108 0.70772764 3.1104476 -22.569411 -22.569411  865.5178  865.5178
1 410.81855 2.1790328e-09 0.97149447 69.449494 0.022675978 0.11547505 0.080161253 0.71214913 3.0814662 -22.569411 -22.569411 866.77593 866.77593
4 410.47265 2.1815488e-09 0.97122899 69.420853 0.022681889 0.11559327 0.080693281 0.71165398 3.0826202 -22.569411 -22.569411 866.08413 866.08413
6 410.73285 2.1814303e-09 0.97170843 69.480921 0.022684323 0.11542908 0.080793069  0.7124874 3.0825658 -22.569411 -22.569411 866.60452 866.60452
1 410.70299 2.1768932e-09 0.97156317 69.431427 0.022681119 0.11555854 0.079594277 0.71181544 3.0804838 -22.569411 -22.569411  866.5448  866.5448
2 409.55551 2.1767739e-09  0.9705095 69.117247 0.022595561 0.11614391 0.079376637  0.7081433  3.080429 -22.569411 -22.569411 864.24984 864.24984
3 410.13169 2.1599176e-09 0.97139631 69.309691 0.022591792 0.11560236 0.075830251 0.71089694 3.0726552 -22.569411 -22.569411  865.4022  865.4022
4 410.12564  2.159989e-09  0.9714014 69.310032 0.022591505 0.11560155 0.075848788 0.71090209 3.0726882 -22.569411 -22.569411 865.39011 865.39011
1 410.20068 2.1702966e-09 0.97256662  69.54928 0.022577436 0.11505462 0.078964838 0.71404744 3.0774489 -22.569411 -22.569411 865.54018 865.54018
9 410.02187 2.1695712e-09 0.97271358 69.550536 0.022577213  0.1150563 0.078843724 0.71405473 3.0771146 -22.569411 -22.569411 865.18255 865.18255
3 410.36319 2.1688181e-09 0.97251508 69.493142 0.022556393 0.11510541 0.078406908 0.71352365 3.0767674 -22.569411 -22.569411 865.86521 865.86521
9 410.18507   2.20576e-09 0.97177575 69.337769 0.022540218 0.11540057 0.086986361 0.71165804 3.0936572 -22.569411 -22.569411 865.50896 865.50896
6 410.77909 2.2528066e-09 0.97250258 69.254064 0.022580968 0.11546373  0.09814987 0.71074395 3.1147619 -22.569411 -22.569411   866.697   866.697
2 409.87197 2.1946601e-09 0.97321229 69.629132 0.022678598 0.11492124  0.08522161 0.71476938 3.0886123 -22.569411 -22.569411 864.88277 864.88277
1 411.56889 2.0367604e-09  0.9758746 69.220822 0.022577539 0.11575736 0.047524272  0.7098604 3.0139456 -22.569411 -22.569411  868.2766  868.2766
5 411.07607 2.0424332e-09 0.97606656 69.218491 0.022555336 0.11573987 0.048965305 0.70992371  3.016727 -22.569411 -22.569411 867.29097 867.29097
1 411.45304 2.0398474e-09   0.976388 69.143815 0.022523013 0.11584547 0.048300547 0.70914352 3.0154601 -22.569411 -22.569411 868.04489 868.04489
4 411.17109  2.046607e-09 0.97562135 69.005348 0.022509149 0.11610408 0.049694076  0.7074611 3.0187684 -22.569411 -22.569411   867.481   867.481
2 410.35241 2.1275811e-09 0.97436461 69.547646 0.022584993 0.11488634 0.069499882 0.71436628 3.0575708 -22.569411 -22.569411 865.84364 865.84364
2 410.43819  2.199868e-09 0.98052812 70.556254 0.022635632  0.1125262 0.089844586 0.72711347 3.0909824 -22.569411 -22.569411  866.0152  866.0152
2  410.1508  2.200207e-09 0.98047187 70.524048 0.022618554 0.11260402 0.089874437 0.72674204 3.0911365 -22.569411 -22.569411 865.44042 865.44042
14  410.4594 2.2053175e-09 0.98068563 70.539022 0.022610216 0.11250032 0.091177425 0.72708322 3.0934566 -22.569411 -22.569411 866.05763 866.05763
 7 411.35812 2.1530801e-09 0.98133945 70.424819 0.022547988 0.11272898 0.078692185 0.72586179 3.0694845 -22.569411 -22.569411 867.85506 867.85506
 3 410.36064 2.1563409e-09 0.98060778 70.410372 0.022583478 0.11289723 0.079265422 0.72533831 3.0709979 -22.569411 -22.569411  865.8601  865.8601
10 410.52771 2.1565084e-09 0.98085531 70.404742 0.022575042 0.11289098 0.079299883 0.72532401 3.0710755 -22.569411 -22.569411 866.19425 866.19425
 3  410.0943 2.1676489e-09 0.98035349 70.389332 0.022578046 0.11293183 0.081836286 0.72511523 3.0762282 -22.569411 -22.569411 865.32742 865.32742
 8 408.81699 2.2062218e-09  0.9795676  70.06508  0.02255804 0.11368626 0.089993521 0.72106904 3.0938666 -22.569411 -22.569411 862.77281 862.77281
 5 408.87802 2.2090296e-09 0.97964898  70.07405 0.022557809 0.11367096 0.090633079 0.72117206 3.0951384 -22.569411 -22.569411 862.89486 862.89486
 9 408.90978 2.1720577e-09  0.9780721 69.356704 0.022468484 0.11538919  0.08130813 0.71198823 3.0782601 -22.569411 -22.569411 862.95839 862.95839
 4 408.98868 2.1729709e-09 0.97799698 69.343989  0.02246558 0.11542666  0.08148494 0.71181074 3.0786804 -22.569411 -22.569411 863.11618 863.11618
 1 408.87686 2.1814145e-09 0.97777299 69.341268 0.022467505 0.11543635 0.083362706 0.71176395 3.0825586 -22.569411 -22.569411 862.89255 862.89255
 3 409.68558 2.0804661e-09 0.97560023 68.910072 0.022364707 0.11618038 0.058372327 0.70679511 3.0351771 -22.569411 -22.569411 864.50999 864.50999
 4 409.52042 2.1458825e-09 0.97398052 69.155711 0.022435963 0.11591903 0.072543629  0.7092718  3.066136 -22.569411 -22.569411 864.17966 864.17966
 9 408.27358 2.2256836e-09 0.97570504 69.465314 0.022475905 0.11513295 0.092314519  0.7134038 3.1026492 -22.569411 -22.569411 861.68599 861.68599
 3 408.07757 2.2005701e-09 0.97577196 69.365437 0.022469801 0.11532876 0.086531765 0.71218361 3.0913016 -22.569411 -22.569411 861.29397 861.29397
 8 408.20032 2.2275564e-09 0.97739346 69.616684 0.022475944 0.11465096 0.093711129 0.71564319 3.1034903 -22.569411 -22.569411 861.53947 861.53947
 3 408.13498 2.2256121e-09 0.97823863 69.687564 0.022478807 0.11447685 0.093823089 0.71657397 3.1026171 -22.569411 -22.569411 861.40879 861.40879
15 408.19805 2.2332802e-09 0.97831928 69.709659  0.02248049 0.11443819 0.095673374 0.71682969 3.1060565 -22.569411 -22.569411 861.53491 861.53491
 4 408.36472 2.1942145e-09 0.97675834 69.413151 0.022468517  0.1150479  0.08573827 0.71316473 3.0884092 -22.569411 -22.569411 861.86826 861.86826
 8 408.34085 2.1943549e-09 0.97670652 69.407933 0.022469263 0.11506431 0.085748479 0.71308599 3.0884732 -22.569411 -22.569411 861.82053 861.82053
 6 408.39762 2.1925854e-09 0.97678426 69.420854 0.022471429 0.11503267 0.085369419 0.71325395 3.0876665 -22.569411 -22.569411 861.93406 861.93406
 9 409.70802 2.2187774e-09 0.97682685 69.749654 0.022441866 0.11448507  0.09131787 0.71713738 3.0995414 -22.569411 -22.569411 864.55487 864.55487
 1  409.8515  2.240538e-09 0.97541113 69.656741 0.022472374 0.11480294 0.095914234 0.71566427 3.1093011 -22.569411 -22.569411 864.84181 864.84181
 2 410.30225 2.2505474e-09 0.97583039  69.68436 0.022472046 0.11475706 0.098489866 0.71598477 3.1137586 -22.569411 -22.569411 865.74333 865.74333
 1 412.01213 2.2406149e-09 0.97130954 69.265318 0.022455821 0.11535732 0.094645607 0.71132058 3.1093354 -22.569411 -22.569411 869.16308 869.16308
 4 412.81587 2.2602855e-09 0.96957571 68.877747 0.022462619 0.11632582 0.098508389 0.70600688 3.1180762 -22.569411 -22.569411 870.77055 870.77055
 1 417.75517  2.208437e-09  0.9732253 69.926307 0.022668529 0.11420732  0.08731237 0.71866923 3.0948701 -22.569411 -22.569411 880.64916 880.64916
 5 417.11054 2.0639612e-09 0.97010004 69.143519 0.022737033 0.11591884 0.052879976 0.70853991 3.0272122 -22.569411 -22.569411  879.3599  879.3599
 1 415.78225 2.0487216e-09 0.97067427 69.273594 0.022728188 0.11569009 0.049728347 0.71012854 3.0198011 -22.569411 -22.569411 876.70332 876.70332
 2 414.87053 2.0654631e-09 0.96951135 69.010281 0.022704918 0.11632092  0.05327186 0.70663654 3.0279395 -22.569411 -22.569411 874.87988 874.87988
 1 414.12667 2.0706139e-09 0.96964217 69.010183 0.022696715 0.11631932 0.054426039 0.70665629 3.0304302 -22.569411 -22.569411 873.39217 873.39217
 7 413.70736 2.0762349e-09 0.97024266 69.039141 0.022683243 0.11619461  0.05609463 0.70719222 3.0331412 -22.569411 -22.569411 872.55355 872.55355
 4 412.04901  2.128037e-09 0.97168954 69.316169 0.022709831 0.11560838 0.069014764 0.71069279 3.0577851 -22.569411 -22.569411 869.23684 869.23684
 5 410.53182 2.1453382e-09 0.97260419 69.401174 0.022685605 0.11545202 0.073110774 0.71177599 3.0658823 -22.569411 -22.569411 866.20247 866.20247
13 410.24334 2.1563827e-09 0.97035089 69.227776 0.022659326 0.11618419 0.074199289 0.70885741 3.0710172 -22.569411 -22.569411 865.62549 865.62549
 2 409.93778 2.1588017e-09 0.97032138 69.130908 0.022634567 0.11644126 0.074819667 0.70755483 3.0721384 -22.569411 -22.569411 865.01438 865.01438
 5 410.45315 2.0948639e-09 0.97472195 69.660727 0.022586017 0.11498587 0.061819041 0.71508564 3.0420737 -22.569411 -22.569411 866.04512 866.04512
 8 410.22611 2.1556881e-09 0.96890625 68.051207 0.022310954  0.1183154 0.072687921 0.69485317 3.0706951 -22.569411 -22.569411 865.59105 865.59105
 2 410.18851 2.1721272e-09 0.96967862 68.316838 0.022316949 0.11765054 0.076993272 0.69863321 3.0782921 -22.569411 -22.569411 865.51583 865.51583
 5 410.16571 2.1710041e-09 0.96962361 68.316419 0.022319651  0.1176542 0.076714696 0.69861586 3.0777749 -22.569411 -22.569411 865.47025 865.47025
 8  410.6114 2.2019137e-09 0.96946999 68.367916  0.02234225 0.11759126 0.084021937 0.69915604 3.0919119 -22.569411 -22.569411 866.36163 866.36163
 1 410.87901  2.206208e-09 0.97011665 68.346565 0.022322367 0.11758835 0.085374281 0.69901684 3.0938603 -22.569411 -22.569411 866.89685 866.89685
 4 410.89732 2.2065222e-09 0.97011647 68.346896 0.022322005 0.11758422 0.085453742 0.69902937 3.0940027 -22.569411 -22.569411 866.93347 866.93347
 4 412.39956 2.0838962e-09 0.97268964 68.343316 0.022189063  0.1174025 0.057165034 0.69967152 3.0368244 -22.569411 -22.569411 869.93795 869.93795
 2 414.54143 2.1592389e-09 0.97230589 68.586741 0.022244476 0.11697207 0.075713937 0.70259676 3.0723409 -22.569411 -22.569411 874.22169 874.22169
 3 411.05495 2.1678824e-09 0.97712301 69.417284 0.022406873 0.11507498 0.080553073 0.71327063 3.0763359 -22.569411 -22.569411 867.24871 867.24871
 1 409.79493 2.1512496e-09 0.97570928  69.38361 0.022438489 0.11517752 0.075996192 0.71271357  3.068634 -22.569411 -22.569411 864.72869 864.72869
 7 408.96888  2.153983e-09 0.97624217 69.449453 0.022441472    0.11503 0.076661158 0.71355771 3.0699038 -22.569411 -22.569411 863.07658 863.07658
 2 409.26997 2.1436693e-09 0.97776687 69.918122 0.022519506 0.11403781 0.074899948 0.71925495 3.0651041 -22.569411 -22.569411 863.67877 863.67877
 1 410.52138 2.0702798e-09 0.97431772 69.456286 0.022562939 0.11541839 0.055672075 0.71255719 3.0302688 -22.569411 -22.569411 866.18159 866.18159
 5 410.50265 2.0715301e-09 0.97431163 69.461601 0.022563263 0.11540857 0.055966657 0.71262085 3.0308726 -22.569411 -22.569411 866.14412 866.14412
 1 409.90934 2.1340236e-09 0.97800478 70.043184 0.022586842  0.1138463 0.072543986  0.7205097 3.0605943 -22.569411 -22.569411  864.9575  864.9575
 1 411.56023 2.1621915e-09 0.97856483 70.341762 0.022576459 0.11305925 0.080472562   0.724489 3.0737074 -22.569411 -22.569411 868.25928 868.25928
 8 411.84526 2.1537819e-09 0.97862146 70.324584  0.02258834 0.11310984 0.078658287 0.72422806 3.0698104 -22.569411 -22.569411 868.82935 868.82935
 1 410.99622 2.1472632e-09  0.9796439 70.281329 0.022549579 0.11307833 0.077340176 0.72403078 3.0667792 -22.569411 -22.569411 867.13126 867.13126
 1 412.07243 2.1853729e-09 0.98197094 70.792087 0.022593733 0.11191984 0.087469793 0.73022213 3.0843716 -22.569411 -22.569411 869.28368 869.28368
13 411.31176 2.1858195e-09 0.98154707 70.750827 0.022628309  0.1120865 0.087156995 0.72950538 3.0845759 -22.569411 -22.569411 867.76235 867.76235
 2 411.97043 2.1875488e-09 0.98260643 70.891138 0.022652027  0.1117465 0.088041037 0.73120442 3.0853667 -22.569411 -22.569411 869.07968 869.07968
 4 411.72982  2.205035e-09 0.98270324 70.754426 0.022582099 0.11192271 0.092387557 0.72995237 3.0933285 -22.569411 -22.569411 868.59847 868.59847
 1 411.84733 2.1945044e-09  0.9822271 70.691647  0.02258253 0.11204166 0.089794715 0.72923363 3.0885413 -22.569411 -22.569411 868.83349 868.83349
 6 411.13659 2.1764892e-09 0.98178288 70.309901 0.022532635 0.11279649 0.084683979 0.72485942 3.0802982 -22.569411 -22.569411   867.412   867.412
 5 411.44595 2.1796919e-09 0.98229007  70.47328 0.022556417 0.11246971 0.085701647 0.72674375 3.0817686 -22.569411 -22.569411 868.03073 868.03073
 1   411.444 2.1789288e-09 0.98226551 70.476498 0.022559275 0.11246636 0.085532673  0.7267697 3.0814185 -22.569411 -22.569411 868.02683 868.02683
 5  411.2853 2.1354241e-09 0.98158311  70.18002  0.02254276 0.11318654 0.074693148 0.72302758 3.0612503 -22.569411 -22.569411 867.70941 867.70941
 5 411.27915 2.1330428e-09 0.98151722 70.184966  0.02254594 0.11318954 0.074091649 0.72305407 3.0601346 -22.569411 -22.569411 867.69712 867.69712
 6 411.14514 2.1341918e-09 0.98139887 70.094028 0.022521873   0.113368 0.074186292 0.72202076 3.0606731 -22.569411 -22.569411  867.4291  867.4291
 5 411.26773 2.1437435e-09 0.97994424 70.020615 0.022497253 0.11343373 0.076716593 0.72135372 3.0651387 -22.569411 -22.569411 867.67427 867.67427
 6 411.50607 2.1584904e-09 0.98108651 70.173467 0.022504186 0.11304682 0.080707188 0.72333792 3.0719942 -22.569411 -22.569411 868.15095 868.15095
 2 410.80558 2.1576969e-09 0.98215611 70.279558 0.022455779 0.11311695 0.080059694 0.72412858 3.0716265 -22.569411 -22.569411 866.74999 866.74999
12 410.72056 2.1575917e-09 0.98209876 70.293503 0.022466166 0.11311216 0.080022762  0.7242267 3.0715777 -22.569411 -22.569411 866.57993 866.57993
 8 410.43068 2.1470871e-09 0.98177268 70.207186 0.022492696 0.11337127  0.07752578 0.72296868 3.0666972 -22.569411 -22.569411 866.00018 866.00018
10 410.38594 2.1466975e-09 0.98179813 70.223671 0.022496708 0.11333738 0.077435178 0.72315931 3.0665157 -22.569411 -22.569411  865.9107  865.9107
 3 410.92737 2.1681256e-09 0.98237898   70.2998 0.022476003 0.11300976 0.083039177  0.7244634 3.0764481 -22.569411 -22.569411 866.99356 866.99356
 1 409.23505  2.164452e-09 0.97946968 69.912043 0.022467287 0.11381486  0.08060888 0.71976911 3.0747523 -22.569411 -22.569411 863.60892 863.60892
 1 409.23957 2.1645847e-09 0.97948007 69.916887 0.022468607 0.11380454 0.080652527 0.71982634 3.0748136 -22.569411 -22.569411 863.61796 863.61796
 2 408.46919 2.1464972e-09 0.97809943 69.720996 0.022497635 0.11443509 0.075510486 0.71689289 3.0664224 -22.569411 -22.569411 862.07721 862.07721
 2 408.34116 2.1660332e-09 0.97866225 69.659521 0.022484443 0.11452176 0.080392266 0.71624155 3.0754826 -22.569411 -22.569411 861.82115 861.82115
 4 409.35463 2.2471732e-09 0.97916605 69.793744 0.022507161 0.11414575 0.099734657 0.71805719 3.1122582 -22.569411 -22.569411 863.84808 863.84808
 2 409.22916 2.2403388e-09 0.97880022 69.723716 0.022507958 0.11430842 0.097991502 0.71715429 3.1092122 -22.569411 -22.569411 863.59715 863.59715
 1  411.3068 2.2711347e-09 0.97938926 69.667792 0.022485919 0.11433693  0.10538033  0.7166867 3.1228647 -22.569411 -22.569411 867.75241 867.75241
 4 410.82075 2.2497938e-09 0.97975806 69.593825 0.022397948 0.11427434  0.10046146 0.71639501 3.1134237 -22.569411 -22.569411 866.78033 866.78033
 1 410.94359   2.07756e-09 0.97449006 68.681257 0.022484604 0.11712738 0.057130374 0.70257644 3.0337792 -22.569411 -22.569411 867.02599 867.02599
13 410.98723 2.0704501e-09 0.97313393 68.544998 0.022512528 0.11746057 0.054859756  0.7006242 3.0303511 -22.569411 -22.569411 867.11329 867.11329
 2 410.15207 2.1629558e-09 0.97880482 69.357469 0.022414616 0.11545293 0.078344297 0.71197407 3.0740608 -22.569411 -22.569411 865.44297 865.44297
 5 410.47951 2.1518976e-09 0.97728162 69.037111 0.022367022 0.11611936 0.074841573 0.70799637 3.0689352 -22.569411 -22.569411 866.09784 866.09784
 2  410.5081 2.1845286e-09 0.97804876 68.964297 0.022272104 0.11592409 0.083502372 0.70798957 3.0839851 -22.569411 -22.569411 866.15502 866.15502
11 410.08789 2.2332994e-09 0.97373495 68.814803 0.022335467 0.11626174 0.092861202 0.70587264 3.1060651 -22.569411 -22.569411  865.3146  865.3146
 2 410.87965 2.2238049e-09 0.97314591 68.739115 0.022329953 0.11640615 0.090292138  0.7049306 3.1018047 -22.569411 -22.569411 866.89811 866.89811
 3 409.97954 2.2417607e-09 0.97369467 68.859418 0.022336722 0.11615389 0.094926887 0.70647846 3.1098467 -22.569411 -22.569411 865.09791 865.09791
 1 410.42634 2.2003283e-09 0.97096775 68.338654 0.022288806 0.11734705 0.084252062 0.69953568 3.0911917 -22.569411 -22.569411 865.99151 865.99151
 1 411.09744 2.2148255e-09 0.96816952 68.333698 0.022375523 0.11766744 0.086247066 0.69862028 3.0977587 -22.569411 -22.569411 867.33371 867.33371
 1 410.40959 2.1802599e-09 0.96851128 68.568637 0.022452639 0.11714872 0.078868289 0.70162124 3.0820292 -22.569411 -22.569411   865.958   865.958
 2 409.66506 2.1708867e-09 0.97071699 68.543744  0.02241205 0.11696795 0.077727842 0.70187561 3.0777208 -22.569411 -22.569411 864.46894 864.46894
 1 409.61911 2.1481056e-09 0.97139111 68.351403 0.022306669 0.11735291  0.07215637 0.69959699 3.0671714 -22.569411 -22.569411 864.37705 864.37705
 8 409.65624 2.2213529e-09 0.97757376  69.62971 0.022400869  0.1144565 0.092164806 0.71630552 3.1007015 -22.569411 -22.569411 864.45131 864.45131
 6 409.05136 2.2352337e-09 0.97837013   69.7181 0.022411111 0.11432277 0.095826571 0.71727846 3.1069309 -22.569411 -22.569411 863.24155 863.24155
 5 409.04641 2.2540328e-09 0.97779911   69.4937 0.022393453  0.1148774 0.099683407 0.71433777 3.1153061 -22.569411 -22.569411 863.23163 863.23163
 3 409.51001 2.2267732e-09 0.97371789  68.89744 0.022408294 0.11641962 0.091928862 0.70609176 3.1031386 -22.569411 -22.569411 864.15884 864.15884
 6 410.33268  2.205379e-09 0.97514879  69.17251 0.022447036 0.11604891 0.087570121 0.70911842 3.0934845 -22.569411 -22.569411 865.80419 865.80419
 5 410.32836 2.2052232e-09 0.97514938 69.173079 0.022447122 0.11604834 0.087532591 0.70912419 3.0934138 -22.569411 -22.569411 865.79554 865.79554
 4 409.94763 2.2022069e-09 0.97469209 69.116408 0.022460487 0.11622061 0.086554355 0.70825842 3.0920451 -22.569411 -22.569411 865.03408 865.03408
8 409.30327 2.1511155e-09 0.97695142 69.275605 0.022467982 0.11586773 0.074938872 0.71031742 3.0685717 -22.569411 -22.569411 863.74537 863.74537
2 411.71807 2.1023171e-09 0.97838522 69.716116 0.022490497 0.11489916 0.063958463 0.71591312 3.0456252 -22.569411 -22.569411 868.57496 868.57496
3 411.35528 2.0345573e-09 0.97426389 69.187477 0.022446109 0.11586584 0.046217244 0.70962861 3.0128633 -22.569411 -22.569411 867.84939 867.84939
1 411.05003 2.0647419e-09 0.97567821 69.444399 0.022460405 0.11519711 0.054221661 0.71313024 3.0275903 -22.569411 -22.569411 867.23889 867.23889
4 411.00188   2.03685e-09 0.97577525 69.359431 0.022464602 0.11534559 0.047594934 0.71210958 3.0139896 -22.569411 -22.569411 867.14257 867.14257
1  410.8253 2.0376068e-09 0.97558456 69.347723 0.022469973 0.11537556 0.047827413 0.71193887 3.0143611 -22.569411 -22.569411 866.78942 866.78942
4 411.89483  2.020397e-09 0.97388942 69.123466 0.022429695 0.11574871  0.04298409 0.70937006 3.0058791 -22.569411 -22.569411 868.92847 868.92847
1 412.20658 2.0115235e-09 0.97337542 69.076783 0.022439792 0.11590002 0.040587781 0.70863885 3.0014775 -22.569411 -22.569411 869.55199 869.55199
3 412.17749 2.1383084e-09 0.97329411 69.228669 0.022438984 0.11569591 0.070329042  0.7103435 3.0626001 -22.569411 -22.569411  869.4938  869.4938
1 412.25812 2.1389997e-09 0.97336198  69.23776 0.022438867 0.11567726 0.070505269 0.71045869 3.0629234 -22.569411 -22.569411 869.65506 869.65506
1 414.61472 2.0787843e-09 0.96878169 68.659805 0.022428231 0.11727239 0.053727514 0.70220253 3.0343683 -22.569411 -22.569411 874.36826 874.36826
1  414.6144 2.1938233e-09 0.96931125 69.052437 0.022456203 0.11641918  0.08165266 0.70731016 3.0882309 -22.569411 -22.569411 874.36763 874.36763
3 412.68696  2.246392e-09 0.96872852 68.925618 0.022574124 0.11706264 0.093717243 0.70462943 3.1119105 -22.569411 -22.569411 870.51274 870.51274
7 412.20957 2.2218258e-09 0.97042221 69.073911 0.022533228 0.11665324 0.088418462 0.70684011 3.1009144 -22.569411 -22.569411 869.55797 869.55797
2 410.87925 2.2060073e-09 0.97009147 68.938602 0.022533057 0.11685296 0.084706795  0.7052683 3.0937693 -22.569411 -22.569411 866.89732 866.89732
3  411.8434 2.1628882e-09 0.96789279 68.613509 0.022591146 0.11787704 0.073585652 0.70017011 3.0740296 -22.569411 -22.569411 868.82563 868.82563
4  413.4178 2.2120801e-09 0.96686605 68.462069 0.022574472 0.11823733  0.08423529 0.69810906 3.0965184 -22.569411 -22.569411 871.97442 871.97442
2 413.71435 2.2714446e-09 0.96988033 68.815256 0.022608734 0.11753894 0.099499857 0.70260242 3.1230011 -22.569411 -22.569411 872.56753 872.56753
1 412.54142 2.1872829e-09 0.96823534 68.449744 0.022603334 0.11839653 0.079465518 0.69759897 3.0852452 -22.569411 -22.569411 870.22167 870.22167
5 414.06326 2.1345344e-09 0.98619777 70.520263 0.022465487 0.11270449 0.075685653 0.72681847 3.0608336 -22.569411 -22.569411 873.26535 873.26535
1 414.32686 2.1502505e-09 0.98082218 69.593553 0.022398063 0.11505373 0.077047081 0.71478332 3.0681695 -22.569411 -22.569411 873.79254 873.79254
1 414.03363 2.1569249e-09 0.98083361 69.617084 0.022404802 0.11501592 0.078587153 0.71504022 3.0712686 -22.569411 -22.569411 873.20609 873.20609
4 414.42857 2.1765644e-09  0.9810976   69.6971  0.02238831 0.11478514 0.083371443 0.71620318 3.0803327 -22.569411 -22.569411 873.99597 873.99597
3 411.33291 2.2157865e-09 0.97577378 68.684732 0.022359486 0.11705763 0.089330803  0.7030196 3.0981925 -22.569411 -22.569411 867.80464 867.80464
1 411.71936 2.2242577e-09 0.97542973 68.655153 0.022339959 0.11711997 0.091100737  0.7026728 3.1020083 -22.569411 -22.569411 868.57755 868.57755
8 413.24266 2.1475566e-09 0.97243213 67.965225 0.022271662 0.11865442 0.072020931 0.69343173 3.0669158 -22.569411 -22.569411 871.62414 871.62414
1 414.65174 2.0993574e-09 0.96845411 67.149111 0.022178315 0.12033746 0.057592246 0.68240895 3.0442164 -22.569411 -22.569411  874.4423  874.4423
1 414.66643 2.0568775e-09  0.9635666 66.772611 0.022244269 0.12139918 0.045979678 0.67628812 3.0237742 -22.569411 -22.569411 874.47167 874.47167
1 413.16464 2.1015978e-09 0.96431582  67.15109 0.022253142 0.12050968  0.05697175  0.6818798  3.045283 -22.569411 -22.569411 871.46811 871.46811
1 413.10103 2.1013382e-09 0.96436932 67.163871 0.022255466 0.12047726 0.056942443 0.68206757 3.0451595 -22.569411 -22.569411 871.34088 871.34088
3  413.1294 2.1063885e-09 0.96438537 67.173051 0.022258433  0.1204622 0.058140069 0.68218126   3.04756 -22.569411 -22.569411 871.39761 871.39761
2 413.50567 2.1242373e-09 0.96477843 67.243882  0.02225119 0.12024286    0.062441 0.68335157 3.0559979 -22.569411 -22.569411 872.15017 872.15017
1 411.87886 2.0201449e-09 0.96813299 68.192588 0.022380381 0.11802591 0.039820813 0.69659038 3.0057543 -22.569411 -22.569411 868.89655 868.89655
2 411.35027  2.087322e-09 0.97060388 68.637597 0.022461964 0.11711742  0.05684705 0.70226714  3.038467 -22.569411 -22.569411 867.83935 867.83935
3 411.62865 2.0929539e-09 0.97100631 68.700259 0.022468615 0.11698538 0.058316769 0.70307569 3.0411615 -22.569411 -22.569411 868.39611 868.39611
9 411.01338 2.2093283e-09 0.97179922  68.59775 0.022350164 0.11704363 0.085854582 0.70231554 3.0952736 -22.569411 -22.569411 867.16558 867.16558
1  410.7028 2.1801433e-09 0.97595223 68.880259 0.022261049 0.11620303 0.081723531 0.70671198 3.0819757 -22.569411 -22.569411 866.54443 866.54443
9 410.54584 2.1756304e-09 0.97570209 68.844061 0.022302038 0.11639741 0.080716595 0.70590686 3.0799036 -22.569411 -22.569411  866.2305  866.2305
5  411.5803 2.1806404e-09 0.97653174 68.821582 0.022263026 0.11634129 0.082254208 0.70591558 3.0822037 -22.569411 -22.569411 868.29943 868.29943
1 411.13137 2.1678166e-09 0.97769165 69.117892 0.022338248  0.1158129 0.079996903 0.70938024 3.0763056 -22.569411 -22.569411 867.40156 867.40156
 1 412.84637 2.2051068e-09   0.974426 69.197937 0.022486325 0.11546581 0.088736014 0.71046783 3.0933611 -22.569411 -22.569411 870.83156 870.83156
 4 413.47478 2.2304291e-09 0.97556289 69.450647 0.022498069 0.11489121 0.095189132 0.71373797 3.1047791 -22.569411 -22.569411 872.08838 872.08838
 4 411.70272 2.2488153e-09 0.97277936 69.345835 0.022556007 0.11521569 0.097849442 0.71207674 3.1129886 -22.569411 -22.569411 868.54426 868.54426
 4 411.71887 2.2488151e-09 0.97276218 69.342411 0.022555943 0.11522453 0.097843044 0.71203004 3.1129886 -22.569411 -22.569411 868.57656 868.57656
 2 411.89245 2.1661436e-09 0.97370406 68.623186 0.022381039 0.11654106 0.077565916 0.70353783 3.0755336 -22.569411 -22.569411 868.92372 868.92372
 1 413.52092  2.153607e-09 0.97368616 68.643738 0.022420153    0.11653 0.074512979  0.7036558 3.0697292 -22.569411 -22.569411 872.18066 872.18066
12 412.86579 2.0990046e-09 0.97182627 68.285843 0.022403791 0.11734134  0.06107584 0.69883641 3.0440483 -22.569411 -22.569411 870.87041 870.87041
 2 413.21594 2.2349438e-09 0.97788484 69.652034 0.022451676  0.1139532 0.096406672 0.71742005 3.1068012 -22.569411 -22.569411  871.5707  871.5707
 1 413.13367 2.1936551e-09 0.98064231 69.845143 0.022420808 0.11344326 0.088331866 0.72008903 3.0881542 -22.569411 -22.569411 871.40617 871.40617
 4 411.89215 2.2598965e-09  0.9762527 69.018129 0.022387837 0.11575257  0.09983858 0.70856204 3.1179041 -22.569411 -22.569411 868.92311 868.92311
 6 411.18387 2.3007971e-09 0.97482218 69.110226 0.022485841 0.11577323  0.10950372 0.70908982 3.1358407 -22.569411 -22.569411 867.50656 867.50656
 4 411.13241 2.3003731e-09 0.97479425 69.111768 0.022486991 0.11577006  0.10939525 0.70910703 3.1356564 -22.569411 -22.569411 867.40364 867.40364
 3 410.58902 2.2929794e-09 0.97467775 69.086169 0.022482274 0.11581088  0.10756548 0.70881576 3.1324371 -22.569411 -22.569411 866.31686 866.31686
 3 409.88628 2.2849693e-09 0.97483778 69.134907 0.022483532 0.11572276  0.10572337 0.70940792 3.1289377 -22.569411 -22.569411 864.91138 864.91138
 3 409.59664 2.1583065e-09 0.97041998 68.598724 0.022438268 0.11700155 0.074269054 0.70222619  3.071909 -22.569411 -22.569411 864.33211 864.33211
 1 408.88252 2.1485331e-09  0.9735035 69.231038 0.022499848 0.11560146  0.07369733 0.71043339 3.0673704 -22.569411 -22.569411 862.90386 862.90386
 7 411.12103 2.1970429e-09 0.97985114 69.587934 0.022408062 0.11426141 0.088709958  0.7163528 3.0896974 -22.569411 -22.569411 867.38089 867.38089
 4 410.63025  2.206668e-09 0.98127997 69.856941 0.022481159 0.11394109  0.09045759 0.71903975 3.0940688 -22.569411 -22.569411 866.39932 866.39932
 6 410.56968 2.2333823e-09 0.98232563 70.113462 0.022506512 0.11332518 0.097382576 0.72229319 3.1061023 -22.569411 -22.569411 866.27818 866.27818
 2 411.24676 2.2389039e-09 0.98302788 70.222032 0.022511448 0.11305451  0.09893063 0.72369013 3.1085715 -22.569411 -22.569411 867.63234 867.63234
11 411.65314 2.1803573e-09 0.97601286 68.712716 0.022431629 0.11671201 0.081302337 0.70384066 3.0820738 -22.569411 -22.569411  868.4451  868.4451
 1   411.332 2.2011846e-09 0.97606692 68.750928 0.022438587 0.11666897 0.086183922 0.70424614 3.0915808 -22.569411 -22.569411 867.80283 867.80283
 1 411.51074 2.1916542e-09 0.97495689 68.511089 0.022389551 0.11717643 0.083305812 0.70119513 3.0872417 -22.569411 -22.569411  868.1603  868.1603
 3 412.15512 2.2443039e-09 0.97674117 68.741001  0.02236431 0.11651373 0.097036598 0.70464641 3.1109805 -22.569411 -22.569411 869.44907 869.44907
13 412.20343 2.2342908e-09 0.97645359 68.684674 0.022366027 0.11668386  0.09463599 0.70379753  3.106509 -22.569411 -22.569411 869.54569 869.54569
 1 411.21136 2.1796133e-09 0.97559269 68.525804 0.022348248 0.11730046 0.080465167 0.70114727 3.0817326 -22.569411 -22.569411 867.56155 867.56155
 9 411.48711 2.1985264e-09 0.97520977 68.479337 0.022364895 0.11750029  0.08499291 0.70027992 3.0903724 -22.569411 -22.569411 868.11304 868.11304
 3 410.32058 2.2067734e-09  0.9737968 68.670051 0.022475658 0.11725211 0.086128443 0.70223383 3.0941165 -22.569411 -22.569411 865.77999 865.77999
 4 410.10104 2.2369598e-09   0.974101 68.864773 0.022497703 0.11686187  0.09325691 0.70469178 3.1077028 -22.569411 -22.569411  865.3409  865.3409
 1 410.24736 2.2143866e-09 0.97299682 69.492222 0.022589554 0.11538752 0.089478957  0.7128632 3.0975605 -22.569411 -22.569411 865.63354 865.63354
 1 409.67186 2.1909125e-09 0.97426927 69.256772 0.022485884 0.11581967 0.084202967 0.71022273 3.0869032 -22.569411 -22.569411 864.48254 864.48254
 1   409.583 2.1117557e-09 0.97427898 69.281285 0.022470543 0.11566477 0.065511222 0.71078241 3.0501048 -22.569411 -22.569411 864.30482 864.30482
 4 411.33026 2.2009757e-09 0.97692372 69.979558  0.02247422  0.1140834 0.087369176 0.71974705 3.0914858 -22.569411 -22.569411 867.79934 867.79934
16 410.06279  2.212833e-09 0.97647816 69.085069 0.022354741 0.11580436 0.090034793 0.70908737 3.0968587 -22.569411 -22.569411 865.26439 865.26439
 3 408.75543 2.1362397e-09 0.97631603 69.007578  0.02241418 0.11603581 0.071469693  0.7078228 3.0616322 -22.569411 -22.569411 862.64968 862.64968
 2 408.75505 2.1356698e-09 0.97629077 69.003881 0.022413209 0.11604433 0.071319639 0.70777563 3.0613654 -22.569411 -22.569411 862.64893 862.64893
 1 408.63606 2.1035938e-09 0.97654693 69.138317 0.022439645 0.11576349 0.064292948 0.70944318 3.0462323 -22.569411 -22.569411 862.41095 862.41095
 1 408.63636 2.1027252e-09 0.97677432 69.193259 0.022445683 0.11564543 0.064132719  0.7101384 3.0458193 -22.569411 -22.569411 862.41154 862.41154
 2 408.29001 2.1243305e-09 0.97691641  69.29542 0.022455954 0.11542144 0.069408193 0.71143753 3.0560418 -22.569411 -22.569411 861.71885 861.71885
10 408.27911 2.1248315e-09 0.97690915 69.297807 0.022456676 0.11541796 0.069522446 0.71146314 3.0562776 -22.569411 -22.569411 861.69704 861.69704
