#weight  minuslogpost            As         ns        H0       ombh2      omch2         tau   omega_de      logA  minuslogprior  minuslogprior__0      chi2  chi2__ffp8_1_raw_545_0001
      1     411.70179 2.1891719e-09   0.980656 70.166776 0.022508098 0.11328563 0.086184655 0.72279215 3.0861084     -22.569411        -22.569411 868.54239                  868.54239
      2      413.1396 2.1363569e-09 0.98182391 70.200153 0.022481862 0.11306951 0.074490651 0.72354746 3.0616871     -22.569411        -22.569411 871.41803                  871.41803
      8     410.82817 2.1324762e-09 0.97898018 69.694322 0.022540693 0.11424519 0.073080499 0.71697846 3.0598689     -22.569411        -22.569411 866.79517                  866.79517
      3     409.65673 2.1671799e-09 0.97932653  69.69619  0.02254601 0.11437165 0.081265777 0.71672235 3.0760118     -22.569411        -22.569411 864.45228                  864.45228
      2     410.26672 2.1551226e-09 0.98009618 69.723249 0.022546371 0.11430219 0.078753462 0.71708432 3.0704327     -22.569411        -22.569411 865.67227                  865.67227
      3     409.48566 2.1718042e-09 0.97908266  69.65115 0.022551787 0.11451838 0.082113071 0.71604148 3.0781434     -22.569411        -22.569411 864.11014                  864.11014
      2     409.13401 2.1549768e-09 0.97846659 69.511099 0.022530735  0.1148654  0.07776902 0.71422148 3.0703651     -22.569411        -22.569411 863.40684                  863.40684
      7     409.86671 2.1474553e-09 0.97805272 69.403765 0.022419049 0.11476958  0.07580551 0.71376765 3.0668686     -22.569411        -22.569411 864.87224                  864.87224
      3     410.01351 2.1566051e-09 0.97804236 69.474641 0.022433246 0.11459231 0.078073825 0.71468922 3.0711204     -22.569411        -22.569411 865.16584                  865.16584
      1     409.76339 2.1090439e-09 0.97544713 69.381226 0.022510008 0.11514484 0.065280853 0.71261314 3.0488198     -22.569411        -22.569411  864.6656                   864.6656
      2     408.36037 2.1603107e-09 0.97171317 68.965107 0.022554438 0.11642623 0.075790851 0.70634706 3.0728372     -22.569411        -22.569411 861.85956                  861.85956
      4     408.80797 2.1569002e-09 0.97351322 69.265202 0.022539858 0.11555085 0.075818306 0.71074106 3.0712572     -22.569411        -22.569411 862.75476                  862.75476
      3     408.92427 2.1605074e-09  0.9733009 69.260745 0.022543932 0.11556091 0.076594264 0.71067437 3.0729282     -22.569411        -22.569411 862.98736                  862.98736
      1     408.79834 2.1949346e-09 0.97204696 69.077348 0.022538489 0.11608008 0.083817462 0.70805942 3.0887373     -22.569411        -22.569411 862.73549                  862.73549
      7     408.22945 2.1889564e-09 0.97580737  69.17985 0.022473779 0.11582206 0.083584229 0.70959825   3.08601     -22.569411        -22.569411 861.59771                  861.59771
      3     408.19426 2.1985109e-09 0.97602175 69.196862 0.022466062 0.11579993 0.085877481 0.70980336 3.0903654     -22.569411        -22.569411 861.52733                  861.52733
      4     408.01937 2.1782741e-09 0.97455602 69.010116 0.022496324 0.11629461  0.08063832 0.70712839  3.081118     -22.569411        -22.569411 861.17757                  861.17757
      3      408.0907 2.1386675e-09 0.97517218 69.062856  0.02249258 0.11625398 0.071597297 0.70766855  3.062768     -22.569411        -22.569411 861.32022                  861.32022
      6     408.17082 2.1764464e-09 0.97265534 69.010596 0.022572222 0.11653074 0.079523023 0.70647728 3.0802785     -22.569411        -22.569411 861.48045                  861.48045
      1     408.11849 2.1754614e-09  0.9731897 69.186785 0.022589436 0.11595895 0.080008294 0.70912887 3.0798259     -22.569411        -22.569411  861.3758                   861.3758
 1 409.35075 2.2441545e-09 0.97280962  69.31866 0.022605398 0.11567033 0.096104953 0.71080199 3.1109139 -22.569411 -22.569411 863.84033 863.84033
 4 411.16096 2.3499112e-09 0.98150926 70.502618  0.02269486 0.11289022  0.12353923 0.72584659 3.1569626 -22.569411 -22.569411 867.46074 867.46074
 7 412.12507 2.3690216e-09 0.98148552 70.541576 0.022725664 0.11288002  0.12771726 0.72610792 3.1650621 -22.569411 -22.569411 869.38896 869.38896
 3 409.62423 2.2838618e-09 0.97875807 70.238634 0.022679361 0.11361365  0.10703863 0.72234702 3.1284529 -22.569411 -22.569411 864.38729 864.38729
12 409.84289 2.2691883e-09  0.9774744 69.874432 0.022617186   0.114319  0.10291657 0.71812777 3.1220073 -22.569411 -22.569411 864.82461 864.82461
 4 408.95125 2.1446694e-09 0.97579074 69.385943 0.022519397 0.11570677 0.073213279 0.71146554 3.0655705 -22.569411 -22.569411 863.04132 863.04132
 2 408.70656 2.1637338e-09 0.97613737 69.525472  0.02255372 0.11541854 0.078014101 0.71314775 3.0744205 -22.569411 -22.569411 862.55195 862.55195
 4 409.16638 2.1791043e-09 0.97375096  69.36556 0.022473259 0.11543761 0.081128439 0.71195122  3.081499 -22.569411 -22.569411 863.47159 863.47159
 7 409.68222 2.1493014e-09 0.96996054 68.735447 0.022454156 0.11695187 0.072294959 0.70348116 3.0677279 -22.569411 -22.569411 864.50326 864.50326
 7 409.13875  2.165069e-09 0.96974666 68.745326 0.022519764 0.11711076 0.075594229 0.70309134 3.0750373 -22.569411 -22.569411 863.41633 863.41633
 2 409.00954 2.1745915e-09 0.97015684 68.795702 0.022516348 0.11696167 0.078164822 0.70384823 3.0794259 -22.569411 -22.569411  863.1579  863.1579
 3 408.82294 2.2057494e-09 0.97123035 68.971074 0.022524263 0.11657259 0.085744001 0.70615363 3.0936524 -22.569411 -22.569411 862.78471 862.78471
22 408.61071 2.2012947e-09 0.97298677 69.194869 0.022488889 0.11593113 0.085641053 0.70946494 3.0916308 -22.569411 -22.569411 862.36025 862.36025
 6 412.46255  2.230316e-09 0.97517307 69.720762 0.022507247 0.11468082 0.094319629  0.7163657 3.1047284 -22.569411 -22.569411 870.06393 870.06393
 1 412.75262 2.2323757e-09 0.97542291 69.742299 0.022506715  0.1146228 0.094955391 0.71666123 3.1056515 -22.569411 -22.569411 870.64406 870.64406
 1  411.9782 2.2183789e-09 0.97289825  68.84112 0.022349002 0.11588455 0.090349245 0.70686483 3.0993618 -22.569411 -22.569411 869.09523 869.09523
 6  412.0424 2.2126482e-09 0.97292674 68.850092 0.022347256 0.11584829 0.089066364 0.70702139 3.0967752 -22.569411 -22.569411 869.22363 869.22363
 1  411.9888 2.2045745e-09 0.97206987 68.710954 0.022346207  0.1162035 0.086755773  0.7050835 3.0931196 -22.569411 -22.569411 869.11642 869.11642
 2 411.76426 2.1379125e-09 0.97237442 69.040218 0.022485886 0.11572219 0.071017119 0.70860653  3.062415 -22.569411 -22.569411 868.66734 868.66734
 3 410.07937 2.1414101e-09 0.97376189 69.184689 0.022500482  0.1155063 0.072343388 0.71024276 3.0640497 -22.569411 -22.569411 865.29755 865.29755
5 412.15931  2.215525e-09  0.9751253 68.772104 0.022377893 0.11607743 0.090213067 0.70580729 3.0980745 -22.569411 -22.569411 869.45743 869.45743
2 412.25561 2.2034488e-09 0.97579846 68.792109  0.02236461 0.11600908 0.087574253 0.70615085 3.0926089 -22.569411 -22.569411 869.65005 869.65005
3 414.44199 2.1354588e-09 0.97258765 67.886177 0.022242269 0.11815588 0.070231551 0.69386292 3.0612666 -22.569411 -22.569411  874.0228  874.0228
1 415.00187 2.0604192e-09 0.97679361 68.115815 0.022122207 0.11765071 0.052434442 0.69727115 3.0254946 -22.569411 -22.569411 875.14257 875.14257
4 416.24169 2.0537629e-09 0.97604347 67.848912 0.022086515 0.11821594 0.050329571 0.69373443 3.0222588 -22.569411 -22.569411 877.62221 877.62221
3 415.31694 2.1158478e-09 0.97586505  68.34835 0.022275297 0.11765737 0.064673387 0.69898556 3.0520407 -22.569411 -22.569411  875.7727  875.7727
3 415.32164 2.0828276e-09  0.9741419 68.419414 0.022180105 0.11736766 0.056188567 0.70043277 3.0363115 -22.569411 -22.569411 875.78211 875.78211
5  416.0355 2.1294555e-09 0.97541741  68.61554 0.022175837 0.11688962 0.067876001 0.70316727 3.0584514 -22.569411 -22.569411 877.20983 877.20983
8 416.94782 2.1223189e-09  0.9754857 68.633652 0.022184675 0.11694475 0.066041391 0.70318813 3.0550944 -22.569411 -22.569411 879.03446 879.03446
1 415.03978 2.0557912e-09 0.97152897 68.121991 0.022174375 0.11824797  0.04892028  0.6959266 3.0232459 -22.569411 -22.569411 875.21838 875.21838
2 415.75629 2.0608201e-09 0.97154058 68.126823 0.022143755 0.11814466 0.050186839  0.6962583 3.0256891 -22.569411 -22.569411  876.6514  876.6514
1 414.14297 2.1353536e-09 0.96641218 68.068052 0.022352584 0.11790816 0.067341878 0.69579326 3.0612173 -22.569411 -22.569411 873.42476 873.42476
1 413.62371 2.1319819e-09 0.96689548 68.153764 0.022363555  0.1177368 0.066764271 0.69690324 3.0596371 -22.569411 -22.569411 872.38624 872.38624
1 413.58495 2.1326376e-09 0.96659948 68.105325   0.0223589 0.11788225  0.06669028 0.69616841 3.0599446 -22.569411 -22.569411 872.30872 872.30872
4 412.32631 2.1050815e-09 0.96826488 67.948556 0.022260274 0.11808662 0.060825385 0.69453577 3.0469393 -22.569411 -22.569411 869.79145 869.79145
2 412.51122 2.0961146e-09 0.96767879 67.888598 0.022268956 0.11825877 0.058472361 0.69360361 3.0426705 -22.569411 -22.569411 870.16126 870.16126
2 411.96391 2.0991517e-09 0.96751536 67.566542 0.022270222 0.11922439 0.058875356 0.68855784 3.0441184 -22.569411 -22.569411 869.06665 869.06665
1 411.98875 2.2183156e-09 0.96699834 67.902349 0.022415826 0.11883127 0.086138053  0.6921675 3.0993333 -22.569411 -22.569411 869.11631 869.11631
2 409.15041 2.2285706e-09 0.97679892 69.890574  0.02270127 0.11469226 0.094116935 0.71732168 3.1039455 -22.569411 -22.569411 863.43964 863.43964
3  409.7046 2.2861458e-09 0.97523256 69.539937 0.022526504 0.11511527  0.10632213 0.71395048 3.1294524 -22.569411 -22.569411 864.54803 864.54803
1 410.82428 2.2258297e-09 0.97782208 69.143475 0.022353641 0.11594407  0.09251949  0.7092887 3.1027148 -22.569411 -22.569411 866.78739 866.78739
4 410.43904 2.1921379e-09 0.97790299 69.118256 0.022330754 0.11589045 0.084721235 0.70923666 3.0874624 -22.569411 -22.569411 866.01689 866.01689
2 411.80979 2.2094143e-09 0.97878141 69.039089 0.022284314  0.1159803 0.088971102 0.70847837 3.0953126 -22.569411 -22.569411 868.75841 868.75841
7 412.17177 2.2293404e-09 0.97881404 69.106664 0.022284957 0.11583373 0.093914708 0.70935376 3.1042908 -22.569411 -22.569411 869.48236 869.48236
3 410.35639 2.1770201e-09 0.97649572 68.860012 0.022337024 0.11658652 0.080632819 0.70557048 3.0805421 -22.569411 -22.569411 865.85161 865.85161
9 409.59043 2.1849579e-09 0.97770293 69.202941 0.022379939 0.11578902  0.08320974 0.71005696 3.0841817 -22.569411 -22.569411 864.31967 864.31967
2 409.39892 2.2182639e-09 0.97499935 68.981079 0.022354927 0.11622565 0.089885001 0.70732384 3.0993099 -22.569411 -22.569411 863.93666 863.93666
4  409.0587 2.1913625e-09 0.97294328 68.682407 0.022412194 0.11700732 0.082433511 0.70299441 3.0871086 -22.569411 -22.569411 863.25621 863.25621
9 409.58185 2.2120138e-09 0.97349116 68.675269 0.022447595 0.11703933 0.087459773 0.70278973 3.0964884 -22.569411 -22.569411 864.30253 864.30253
3 411.69596 2.2567731e-09 0.98367282 70.746346 0.022677648 0.11246877  0.10418018 0.72860875 3.1165211 -22.569411 -22.569411 868.53074 868.53074
1 413.13845 2.2800723e-09 0.98345694 70.739627 0.022669412 0.11250995  0.10944768 0.72849137 3.1267922 -22.569411 -22.569411 871.41572 871.41572
1 411.78411 2.2068398e-09 0.97998516 70.216742 0.022639073 0.11398008 0.090567621 0.72151238 3.0941466 -22.569411 -22.569411 868.70705 868.70705
5 411.51785 2.1961777e-09 0.97109991 69.292293 0.022774463 0.11648294 0.083438235  0.7085373 3.0893036 -22.569411 -22.569411 868.17452 868.17452
9 410.68038  2.187437e-09 0.97380041 69.339651 0.022718054 0.11615316 0.082201863 0.70973852 3.0853156 -22.569411 -22.569411 866.49959 866.49959
3 410.84883 2.1903781e-09 0.97349085  69.36656 0.022729505  0.1161094 0.082771244 0.71003082 3.0866593 -22.569411 -22.569411 866.83649 866.83649
3 410.77775 2.1902572e-09 0.97307723 69.290335 0.022715808 0.11622193 0.082564638 0.70918664 3.0866041 -22.569411 -22.569411 866.69432 866.69432
3 408.90352 2.2233202e-09 0.97484328 69.573953 0.022700449 0.11542148 0.091768357 0.71323818 3.1015868 -22.569411 -22.569411 862.94586 862.94586
1 408.99771 2.2276708e-09 0.97581264  69.70626 0.022708524 0.11514347 0.093210777 0.71488127 3.1035416 -22.569411 -22.569411 863.13424 863.13424
4 409.41901 2.2025072e-09 0.97847109 69.705069 0.022471301 0.11445224 0.088026792 0.71678241 3.0921814 -22.569411 -22.569411 863.97683 863.97683
3 408.78356 2.2563766e-09 0.97531084 69.601145 0.022575542 0.11505047  0.09899473 0.71448591 3.1163454 -22.569411 -22.569411 862.70594 862.70594
 4 408.84958 2.2596475e-09 0.97455518 69.383382 0.022528578  0.1155737 0.099210428 0.71170157 3.1177939 -22.569411 -22.569411 862.83799 862.83799
 1 408.52053 2.2482014e-09 0.97410614 69.285129 0.022536896 0.11584026 0.096538433 0.71031071 3.1127156 -22.569411 -22.569411 862.17988 862.17988
 3 408.86634 2.2726848e-09 0.97542422 69.403976 0.022547912 0.11557104  0.10283937 0.71183802  3.123547 -22.569411 -22.569411 862.87151 862.87151
 4 409.72633 2.2346706e-09 0.97447598 68.748513 0.022328477 0.11646264  0.09349835 0.70489487 3.1066789 -22.569411 -22.569411 864.59148 864.59148
 2 409.99795 2.2491832e-09 0.97458451 68.766851 0.022325677 0.11640772 0.096970179  0.7051743 3.1131522 -22.569411 -22.569411 865.13473 865.13473
21   410.017 2.2547239e-09 0.97423885 68.727248 0.022347876  0.1165551 0.097988733 0.70447541 3.1156126 -22.569411 -22.569411 865.17281 865.17281
 7 410.69664 2.2561419e-09 0.97665807  68.98451 0.022287112 0.11581992 0.099209873 0.70834803 3.1162413 -22.569411 -22.569411 866.53211 866.53211
 4 409.74788 2.2550628e-09 0.97533702 69.026194 0.022337587 0.11589116 0.098475012 0.70844472 3.1157629 -22.569411 -22.569411 864.63458 864.63458
 3   409.749 2.2590407e-09 0.97546322  69.05619 0.022341417 0.11583299  0.09945091 0.70881189 3.1175254 -22.569411 -22.569411 864.63682 864.63682
 3 410.03679 2.2777448e-09 0.97529729 69.336348 0.022382374    0.11512  0.10427418 0.71255815 3.1257709 -22.569411 -22.569411  865.2124  865.2124
 2 410.22995 2.2650497e-09 0.97483204 69.279387 0.022402265 0.11523388  0.10161644 0.71180658 3.1201818 -22.569411 -22.569411 865.59873 865.59873
 1 408.75324 2.1961857e-09 0.97285237 68.792289 0.022473937 0.11670905 0.083918254 0.70444228 3.0893072 -22.569411 -22.569411  862.6453  862.6453
 8 408.57651 2.1077005e-09 0.97273258 68.695892 0.022410343 0.11693412 0.062990267 0.70327003 3.0481826 -22.569411 -22.569411 862.29184 862.29184
 2  408.6852 2.1014171e-09 0.97297791 68.630856 0.022378354 0.11701461 0.061626455 0.70260442  3.045197 -22.569411 -22.569411 862.50923 862.50923
 6 408.91489 2.1064336e-09 0.97387968 68.964542 0.022430856 0.11623222  0.06402678 0.70701001 3.0475814 -22.569411 -22.569411  862.9686  862.9686
14 409.22724 2.0840088e-09  0.9733461   68.8254 0.022411533 0.11660484 0.058128559 0.70507832 3.0368784 -22.569411 -22.569411 863.59331 863.59331
 9 409.33581 2.0762606e-09 0.97353987 68.748974 0.022387805 0.11673705 0.056228324 0.70419272 3.0331536 -22.569411 -22.569411 863.81044 863.81044
 3 409.74656 2.0820022e-09 0.97436844 68.765842 0.022432433 0.11648935 0.057911151 0.70476727 3.0359151 -22.569411 -22.569411 864.63194 864.63194
 2 409.65505 2.0824648e-09 0.97436014 68.711497 0.022450547 0.11669391 0.057997666 0.70382844 3.0361373 -22.569411 -22.569411 864.44893 864.44893
 8 409.45753 2.1095622e-09 0.97074258 68.428909 0.022545244 0.11791742 0.062680313 0.69856203 3.0490655 -22.569411 -22.569411 864.05389 864.05389
14 409.49672 2.0979225e-09 0.97168143 68.598544 0.022548384 0.11726126 0.060677099 0.70143873 3.0435327 -22.569411 -22.569411 864.13226 864.13226
15  410.2419 2.1255302e-09 0.97246288 68.629514 0.022577595 0.11721978  0.06778124 0.70173418 3.0566064 -22.569411 -22.569411 865.62262 865.62262
 1 409.29463 2.2280532e-09 0.97257174  68.98334 0.022605564 0.11660888 0.091265468 0.70601102 3.1037133 -22.569411 -22.569411 863.72808 863.72808
 1 409.22101 2.2243218e-09 0.97253321  68.97656 0.022602171  0.1166335 0.090363244  0.7059086 3.1020372 -22.569411 -22.569411 863.58083 863.58083
 4 410.39014 2.2168911e-09 0.97356334 68.982101 0.022617681 0.11674108 0.088714486 0.70569717 3.0986909 -22.569411 -22.569411 865.91911 865.91911
11 410.36161 2.2023727e-09 0.98041129 70.313616 0.022582426  0.1129065  0.09055857 0.72456527 3.0921204 -22.569411 -22.569411 865.86203 865.86203
 4 411.08411 2.2001637e-09 0.98280099 70.575364  0.02255653 0.11226522 0.091060958   0.727944 3.0911169 -22.569411 -22.569411 867.30704 867.30704
 4 411.15394 2.1953043e-09  0.9829937 70.563916 0.022557346 0.11228039 0.089972951 0.72782361 3.0889058 -22.569411 -22.569411  867.4467  867.4467
 9 411.18876 2.1931657e-09 0.98291177 70.544675 0.022556719 0.11231541 0.089453392 0.72760602 3.0879311 -22.569411 -22.569411 867.51635 867.51635
 7  408.5032 2.1972305e-09 0.97730521 69.918753 0.022682308 0.11447337  0.08722236 0.71803603 3.0897828 -22.569411 -22.569411 862.14522 862.14522
13 408.50657 2.2050144e-09 0.97722672  69.90856 0.022679845 0.11448855 0.089009565 0.71792777 3.0933191 -22.569411 -22.569411 862.15196 862.15196
 6 408.97143 2.1741004e-09 0.97878903 69.773512 0.022621192 0.11464892 0.082462676 0.71662588 3.0792001 -22.569411 -22.569411 863.08169 863.08169
 4  409.4899  2.166511e-09  0.9779417 69.746556 0.022648345 0.11457163 0.080698636 0.71650985 3.0757032 -22.569411 -22.569411 864.11862 864.11862
 3  410.4444 2.1591375e-09 0.97887117 69.711312 0.022634349 0.11459534 0.079400086 0.71620315 3.0722939 -22.569411 -22.569411 866.02762 866.02762
 1 410.29888 2.1578864e-09 0.97868884 69.686787 0.022630141   0.114653 0.079007317 0.71589329 3.0717143 -22.569411 -22.569411 865.73658 865.73658
 1 410.16535  2.152274e-09 0.97846814  69.58179 0.022606571 0.11483699 0.077452813 0.71470388 3.0691101 -22.569411 -22.569411 865.46953 865.46953
13 409.94309 2.1671551e-09 0.97872214 69.611294 0.022602282  0.1147776 0.080995088 0.71507708 3.0760004 -22.569411 -22.569411 865.02501 865.02501
 2 409.49421  2.155301e-09   0.977963 69.475765 0.022602379 0.11519267 0.077562507 0.71310426 3.0705155 -22.569411 -22.569411 864.12725 864.12725
 1 408.58251 2.1474877e-09  0.9766264 69.195804 0.022516222 0.11572894 0.074954141 0.70983799 3.0668837 -22.569411 -22.569411 862.30385 862.30385
 1 408.66243 2.1400347e-09 0.97431138 69.019872 0.022535752 0.11611271 0.072306652 0.70751024 3.0634072 -22.569411 -22.569411 862.46369 862.46369
 4 408.39254 2.1589788e-09 0.97505031 69.208441 0.022543259 0.11568032 0.076940643   0.709989 3.0722204 -22.569411 -22.569411  861.9239  861.9239
 2 408.69081 2.1686796e-09 0.97340968 68.997563 0.022552235 0.11619622 0.078585794 0.70711104 3.0767036 -22.569411 -22.569411 862.52045 862.52045
 4 409.56032  2.164811e-09  0.9722199 69.347027 0.022659039 0.11588603 0.077464184 0.71047846 3.0749181 -22.569411 -22.569411 864.25946 864.25946
 2 409.48739 2.1221978e-09 0.97615061 69.746156 0.022616154  0.1148415 0.069124276 0.71601802 3.0550374 -22.569411 -22.569411  864.1136  864.1136
10 410.11295 2.1045738e-09 0.97634428 69.740769 0.022646927 0.11487333  0.06517395 0.71584543 3.0466981 -22.569411 -22.569411 865.36472 865.36472
 4 410.71697  2.096991e-09 0.97613874 69.715806 0.022651086 0.11494748 0.063353898 0.71548076 3.0430886 -22.569411 -22.569411 866.57277 866.57277
 2  410.7739 2.0963597e-09 0.97618518 69.735405 0.022651996 0.11489293 0.063252583 0.71575098 3.0427874 -22.569411 -22.569411 866.68662 866.68662
 7 411.81137 2.1091295e-09 0.98067573 69.814298 0.022636329 0.11437269 0.068027963 0.71749256 3.0488604 -22.569411 -22.569411 868.76156 868.76156
 1 413.48651 2.0876662e-09 0.98224371 70.020663 0.022619213 0.11371998 0.063612886  0.7205215 3.0386319 -22.569411 -22.569411 872.11184 872.11184
 1 413.53298 2.0876121e-09 0.98232627 70.039813 0.022621223 0.11367621 0.063663691 0.72075944  3.038606 -22.569411 -22.569411 872.20479 872.20479
 9 416.16292 2.1420383e-09 0.98759719 70.479331 0.022528323 0.11260605 0.078240157 0.72657276  3.064343 -22.569411 -22.569411 877.46467 877.46467
 3 412.64066 2.1837391e-09 0.98530598 70.635228 0.022610965 0.11223009 0.088038552 0.72836627 3.0836237 -22.569411 -22.569411 870.42014 870.42014
 4 412.64915 2.1827927e-09 0.98531642 70.639868 0.022612702 0.11222519 0.087825714 0.72840827 3.0831902 -22.569411 -22.569411 870.43712 870.43712
 5 411.88748 2.2001828e-09 0.98467821 70.951494 0.022682047 0.11171768 0.091986478 0.73165914 3.0911255 -22.569411 -22.569411 868.91377 868.91377
 1 410.47568 2.1714571e-09 0.98231511 70.602569 0.022616544 0.11245117 0.083873419 0.72766018 3.0779835 -22.569411 -22.569411 866.09019 866.09019
 6 409.99099 2.1798671e-09 0.98175347 70.454595  0.02258436 0.11273889 0.085661708  0.7260002  3.081849 -22.569411 -22.569411 865.12081 865.12081
 3 409.96207 2.1802672e-09 0.98163762 70.444889 0.022582324 0.11275541 0.085701596 0.72589552 3.0820325 -22.569411 -22.569411 865.06296 865.06296
 4 409.86474 2.1807857e-09 0.98151519 70.416659 0.022584255 0.11281738 0.085748425 0.72554683 3.0822703 -22.569411 -22.569411  864.8683  864.8683
 5 408.44924 2.1860662e-09 0.97830675 69.768247 0.022471761 0.11426328 0.084994576 0.71768235 3.0846888 -22.569411 -22.569411 862.03729 862.03729
 1 409.59883 2.1161657e-09 0.97853593 69.525608 0.022398257 0.11472245 0.068098409 0.71491052 3.0521909 -22.569411 -22.569411 864.33648 864.33648
3 409.92843  2.136531e-09 0.97923484 69.409234 0.022341009 0.11495742 0.072943512 0.71358485 3.0617686 -22.569411 -22.569411 864.99569 864.99569
3  409.4997 2.0980769e-09 0.97493938 69.014015  0.02241041 0.11633994 0.061580461 0.70724668 3.0436063 -22.569411 -22.569411 864.13823 864.13823
3  409.3836 2.0957276e-09 0.97525085 69.031185 0.022427234  0.1163332 0.061167202 0.70737114 3.0424859 -22.569411 -22.569411 863.90601 863.90601
4 409.93642 2.0848158e-09 0.97488236 69.019589 0.022436569 0.11642071 0.058547287 0.70706949 3.0372656 -22.569411 -22.569411 865.01166 865.01166
3 411.55341 2.2164078e-09 0.97781347 69.604953 0.022540987 0.11543631  0.09070133 0.71379209 3.0984729 -22.569411 -22.569411 868.24565 868.24565
2  410.6336 2.2009654e-09 0.98071111 69.763312  0.02255562 0.11483209 0.088377808 0.71630137 3.0914812 -22.569411 -22.569411 866.40602 866.40602
5 409.06024 2.0911514e-09  0.9770033 69.196444 0.022471616 0.11587475 0.061099323 0.70963199 3.0402999 -22.569411 -22.569411  863.2593  863.2593
5 408.64796 2.1077083e-09 0.97411133 69.266181  0.02257157   0.115931 0.064005822 0.70989081 3.0481863 -22.569411 -22.569411 862.43474 862.43474
1 409.59844 2.1809945e-09 0.97546364 69.764998 0.022609653 0.11483538 0.081762805 0.71619732 3.0823661 -22.569411 -22.569411 864.33571 864.33571
3 411.69826 2.1529949e-09 0.97205788  69.45064 0.022598158 0.11543813   0.0738122 0.71239651  3.069445 -22.569411 -22.569411 868.53534 868.53534
3 413.63953 2.1108574e-09 0.96975356 69.094247 0.022496552 0.11633812  0.06264943 0.70774954 3.0496793 -22.569411 -22.569411 872.41789 872.41789
2 413.62194 2.1343182e-09 0.96831898 68.714616 0.022458407 0.11729272 0.067000845 0.70257046 3.0607323 -22.569411 -22.569411  872.3827  872.3827
1 411.24718 2.1783098e-09 0.97177584  68.82766 0.022354932 0.11641776 0.079098302 0.70561209 3.0811344 -22.569411 -22.569411 867.63319 867.63319
6 412.32728 2.2406678e-09 0.97431933 69.276967 0.022441916  0.1155029 0.096230989 0.71114328  3.109359 -22.569411 -22.569411 869.79338 869.79338
3 412.43913 2.2399089e-09 0.97584667 69.648926 0.022530537  0.1146371 0.097282028 0.71582244 3.1090203 -22.569411 -22.569411 870.01709 870.01709
6 411.61026 2.2605859e-09 0.97546555 69.567648 0.022545707 0.11485432  0.10160262 0.71467784 3.1182091 -22.569411 -22.569411 868.35934 868.35934
9 410.02927 2.2196804e-09 0.97163508 68.999637  0.02246011 0.11607044 0.089992968 0.70758634 3.0999483 -22.569411 -22.569411 865.19736 865.19736
1 410.24659 2.1730169e-09 0.96780672 68.140308 0.022384907 0.11818052 0.076486397  0.6957819 3.0787016 -22.569411 -22.569411   865.632   865.632
1 409.26122 2.1064355e-09 0.96943411 68.294147  0.02240283 0.11795311 0.061224496 0.69760006 3.0475823 -22.569411 -22.569411 863.66126 863.66126
3  409.2876 2.1045483e-09 0.96923588 68.273606 0.022411779 0.11802691 0.060718855 0.69724054  3.046686 -22.569411 -22.569411 863.71402 863.71402
 2  408.5084 2.1063414e-09 0.97189874 68.677578  0.02246003  0.1169561 0.062913543 0.70295982 3.0475376 -22.569411 -22.569411 862.15563 862.15563
 5 408.35007 2.2017658e-09 0.97515961  69.23159 0.022444818 0.11570212 0.086274131 0.71034282 3.0918448 -22.569411 -22.569411 861.83895 861.83895
 1 409.32298 2.2298756e-09 0.97367436 68.930865 0.022438258  0.1162763 0.091936609 0.70661531 3.1045309 -22.569411 -22.569411 863.78479 863.78479
11 411.62321  2.348243e-09 0.97288792 69.384091 0.022595403  0.1156228  0.11873641 0.71146667 3.1562525 -22.569411 -22.569411 868.38525 868.38525
 3 411.46754 2.2686057e-09 0.97250792  69.54034 0.022756347 0.11561843  0.10053134 0.71243803 3.1217505 -22.569411 -22.569411 868.07389 868.07389
 2 411.44091   2.33566e-09 0.97411192 69.597324 0.022589299 0.11511502  0.11684341 0.71429289 3.1508796 -22.569411 -22.569411 868.02064 868.02064
 1 412.67434 2.3092008e-09 0.97162944 69.346871 0.022562775 0.11532064  0.11053609 0.71185302 3.1394866 -22.569411 -22.569411 870.48751 870.48751
 1 410.66774 2.2209163e-09 0.97516831 69.538414 0.022500474 0.11465012 0.091407076 0.71495372  3.100505 -22.569411 -22.569411  866.4743  866.4743
 2 410.65235 2.2101435e-09 0.97528142 69.507897 0.022499593 0.11471425 0.088954225 0.71457244 3.0956426 -22.569411 -22.569411 866.44353 866.44353
 6 410.54167 2.2233791e-09 0.97612386 69.678655 0.022541347 0.11438745 0.092427554 0.71655681 3.1016132 -22.569411 -22.569411 866.22217 866.22217
 2 411.11382 2.1920672e-09 0.97692865 69.830653 0.022555309 0.11405314 0.085602435 0.71844632 3.0874301 -22.569411 -22.569411 867.36647 867.36647
 1 411.34806 2.1670969e-09 0.97592879 69.618863  0.02258153 0.11454371 0.079481665 0.71566442 3.0759735 -22.569411 -22.569411 867.83494 867.83494
 7 411.22172 2.1643095e-09 0.97408359 69.456708  0.02256405 0.11488007 0.078250962 0.71367425 3.0746865 -22.569411 -22.569411 867.58225 867.58225
 1 410.94448 2.1708877e-09 0.97313365 69.329534 0.022528504 0.11512173 0.079509886 0.71219404 3.0777213 -22.569411 -22.569411 867.02778 867.02778
11 412.94748 2.2316915e-09  0.9806825 69.955229 0.022561191 0.11395624 0.097407205 0.71963421 3.1053449 -22.569411 -22.569411 871.03378 871.03378
 2 411.55999 2.1529386e-09 0.97842479 69.288232 0.022364027 0.11524224 0.077475405 0.71194239 3.0694188 -22.569411 -22.569411 868.25881 868.25881
 2 411.48432 2.1595623e-09 0.97816769 69.298724 0.022366832 0.11523001 0.078944156 0.71204924 3.0724906 -22.569411 -22.569411 868.10747 868.10747
 4 408.99986 2.1638043e-09 0.97597525 68.882868 0.022339621  0.1163183 0.077849326 0.70632566  3.074453 -22.569411 -22.569411 863.13854 863.13854
 6 409.71002 2.1446669e-09 0.97599513 68.748349 0.022283116 0.11651042 0.073203917 0.70488836 3.0655693 -22.569411 -22.569411 864.55886 864.55886
 1 411.25594 2.2470636e-09 0.97629077 68.808945 0.022297261 0.11646167 0.097009709 0.70548098 3.1122094 -22.569411 -22.569411 867.65069 867.65069
 3 412.93903 2.2151214e-09   0.973997 68.119668 0.022251809 0.11787475 0.088537587 0.69654329 3.0978923 -22.569411 -22.569411 871.01689 871.01689
17 411.38221 2.1927511e-09 0.97414555 68.268432 0.022274031  0.1174633 0.083625458 0.69869952  3.087742 -22.569411 -22.569411 867.90325 867.90325
 2 411.31666 2.1904693e-09 0.97363181 68.207821 0.022273752 0.11763544 0.082867444 0.69779438 3.0867009 -22.569411 -22.569411 867.77215 867.77215
 2 412.62347 2.1692098e-09 0.97429208 69.192142  0.02253295 0.11593866 0.079905751 0.70933427  3.076948 -22.569411 -22.569411 870.38576 870.38576
 4 412.80229 2.1802339e-09 0.97517232 69.508108 0.022482475 0.11492315 0.083219065 0.71417724 3.0820172 -22.569411 -22.569411  870.7434  870.7434
 1   411.714 2.1613444e-09 0.97382513  69.19533 0.022494917 0.11572637 0.077970568 0.70988388 3.0733155 -22.569411 -22.569411 868.56683 868.56683
 1 410.83249 2.1654391e-09 0.97696929 68.791166 0.022240833 0.11610419 0.078947651 0.70620337 3.0752082 -22.569411 -22.569411 866.80381 866.80381
 3 411.46331 2.1935775e-09 0.97982269 69.193294 0.022295732 0.11529004 0.086966803 0.71119418 3.0881188 -22.569411 -22.569411 868.06545 868.06545
 2 410.21552 2.2079855e-09 0.97874721 69.310997 0.022382165 0.11495758 0.090191426 0.71268637 3.0946657 -22.569411 -22.569411 865.56986 865.56986
 6 411.34483 2.2425952e-09 0.97878439 69.180703 0.022336494 0.11517819  0.09789441 0.71123758 3.1102189 -22.569411 -22.569411 867.82848 867.82848
 4 410.90267 2.2362888e-09 0.97896312 69.263605 0.022348933 0.11499858 0.096486706 0.71227687 3.1074028 -22.569411 -22.569411 866.94417 866.94417
 3 410.81701 2.2374747e-09 0.97903211 69.269321 0.022354844 0.11501615 0.096799088 0.71227541  3.107933 -22.569411 -22.569411 866.77284 866.77284
 3 408.83083 2.2636286e-09 0.97763593 69.636403 0.022434405 0.11452835   0.1020939 0.71614271 3.1195542 -22.569411 -22.569411 862.80048 862.80048
 5 408.86208 2.2645595e-09 0.97762731 69.641367 0.022433888 0.11451586  0.10230778 0.71620999 3.1199653 -22.569411 -22.569411 862.86298 862.86298
 7 409.75213 2.2697971e-09 0.97799452 69.581474 0.022384255 0.11453233  0.10378847 0.71578973 3.1222755 -22.569411 -22.569411 864.64308 864.64308
11 409.56028 2.2625867e-09 0.97661079 69.419989 0.022383744  0.1148784  0.10154698 0.71374887 3.1190938 -22.569411 -22.569411 864.25939 864.25939
 4 410.26039  2.222956e-09 0.97664307  69.31666  0.02239966 0.11496028 0.093145024  0.7126913  3.101423 -22.569411 -22.569411  865.6596  865.6596
 1 408.95835 2.1673861e-09 0.97441021 68.986758  0.02239582  0.1158334 0.078743043  0.7081103  3.076107 -22.569411 -22.569411 863.05551 863.05551
 2 409.08681 2.2000043e-09 0.97589837 69.662564 0.022588236 0.11454853 0.087684319  0.7159973 3.0910444 -22.569411 -22.569411 863.31245 863.31245
 1 409.38672 2.2011177e-09 0.97478217 69.667641 0.022643447 0.11469077 0.087511279 0.71563188 3.0915504 -22.569411 -22.569411 863.91227 863.91227
3 410.17851  2.169952e-09 0.97025577 68.803583 0.022456295 0.11687731 0.077257844 0.70422113 3.0772901 -22.569411 -22.569411 865.49584 865.49584
3 410.10824 2.1767159e-09 0.97086564 68.933993 0.022464025 0.11659156 0.079086566 0.70592425 3.0804024 -22.569411 -22.569411  865.3553  865.3553
7 410.03475  2.173006e-09 0.97145834 68.894382 0.022427328 0.11660963 0.078433619 0.70562525 3.0786966 -22.569411 -22.569411 865.20833 865.20833
4 409.88503 2.1729543e-09 0.97179323 68.885349 0.022425154 0.11659963 0.078660928 0.70557369 3.0786727 -22.569411 -22.569411 864.90888 864.90888
6 410.70423 2.1129844e-09 0.97736534  69.12029 0.022331972 0.11589343 0.065897509 0.70924499 3.0506864 -22.569411 -22.569411 866.54728 866.54728
1 410.97213 2.0854917e-09 0.97580913 69.007585  0.02233356 0.11575831 0.059117429 0.70857489 3.0375898 -22.569411 -22.569411 867.08308 867.08308
2 410.99666 2.0911168e-09 0.97693701 69.404158 0.022396344 0.11491744 0.061299797 0.71351108 3.0402834 -22.569411 -22.569411 867.13214 867.13214
4 411.41369 2.1290894e-09 0.97649757 69.439153 0.022380535 0.11477844  0.07017367 0.71412082 3.0582795 -22.569411 -22.569411  867.9662  867.9662
6 409.63502 2.2569656e-09 0.97501515 69.899171 0.022636009 0.11440036 0.099400648 0.71812222 3.1166063 -22.569411 -22.569411 864.40886 864.40886
7 409.86701 2.2519407e-09 0.97533911 69.924533  0.02265404  0.1143786 0.098283254 0.71833429 3.1143775 -22.569411 -22.569411 864.87285 864.87285
1  410.2384 2.2516397e-09 0.97424257 69.804306 0.022646784  0.1146465 0.097717701 0.71682827 3.1142438 -22.569411 -22.569411 865.61563 865.61563
1 409.20867 2.1830691e-09 0.97285913  69.44677 0.022591577 0.11545514 0.081403629 0.71234284 3.0833168 -22.569411 -22.569411 863.55616 863.55616
5 409.37347 2.1555059e-09 0.97197595 69.176674 0.022579955 0.11608073 0.074304092 0.70880917 3.0706105 -22.569411 -22.569411 863.88576 863.88576
4 408.92021 2.1320371e-09 0.97267097 69.142264 0.022537441 0.11619678 0.068958431 0.70836545  3.059663 -22.569411 -22.569411 862.97924 862.97924
1 408.62247 2.1400623e-09 0.97316174 69.091296 0.022514815 0.11610768 0.071137314 0.70816905   3.06342 -22.569411 -22.569411 862.38377 862.38377
1  408.4625 2.1454346e-09  0.9731395 69.114077 0.022515049  0.1160399 0.072498551 0.70850281 3.0659273 -22.569411 -22.569411 862.06382 862.06382
1 409.72705 2.0892734e-09 0.97048025 68.834298 0.022574617 0.11676169 0.058466202 0.70447932 3.0394014 -22.569411 -22.569411 864.59292 864.59292
1 411.68058 2.0538036e-09 0.97226354 68.865603 0.022558495 0.11666179 0.051129553  0.7049926 3.0222786 -22.569411 -22.569411 868.49998 868.49998
1  412.5269 2.0454914e-09 0.97101091 68.587387 0.022520783 0.11728524 0.048461307 0.70134929 3.0182231 -22.569411 -22.569411 870.19263 870.19263
4 417.48857 1.9858304e-09 0.97652319 69.332898 0.022334366 0.11549813 0.034741343  0.7118428 2.9886222 -22.569411 -22.569411 880.11596 880.11596
 2 417.57609 1.9820285e-09 0.97511853 69.483367 0.022463334 0.11546969 0.033201533 0.71288126 2.9867059 -22.569411 -22.569411   880.291   880.291
 9 417.25049 1.9817501e-09 0.97670942 69.816552  0.02253437 0.11471212 0.033962428 0.71702362 2.9865654 -22.569411 -22.569411  879.6398  879.6398
 1 419.14718 1.9910587e-09 0.97541347 69.316754 0.022384881 0.11552456 0.034738038 0.71154842 2.9912516 -22.569411 -22.569411 883.43318 883.43318
 4 417.49416 1.9726184e-09 0.97786355 69.639236 0.022388975 0.11450093 0.032147423 0.71631602 2.9819469 -22.569411 -22.569411 880.12714 880.12714
 1 418.06656 1.9709603e-09 0.97775966 69.439781 0.022323574 0.11494515 0.031231481 0.71389838  2.981106 -22.569411 -22.569411 881.27194 881.27194
 6 416.24665 1.9592862e-09 0.97489648 68.962386 0.022292939 0.11602618 0.027143831 0.70771492 2.9751653 -22.569411 -22.569411 877.63212 877.63212
11 414.79824 1.9564608e-09 0.97548137 69.316116 0.022466575 0.11544824  0.02749268 0.71153193 2.9737222 -22.569411 -22.569411  874.7353  874.7353
 7 416.11361 1.9564138e-09 0.97276594 69.306245 0.022561627 0.11563604 0.026588775 0.71086089 2.9736982 -22.569411 -22.569411 877.36605 877.36605
 7 416.37524 1.9766117e-09 0.97368191 69.556099 0.022597187 0.11506751 0.031893644 0.71403602 2.9839692 -22.569411 -22.569411  877.8893  877.8893
 7 415.30537  1.974121e-09   0.972516    69.296 0.022589873 0.11560538 0.030961722  0.7107804 2.9827083 -22.569411 -22.569411 875.74956 875.74956
 2 415.10296 1.9361893e-09 0.97225371 68.726731 0.022555196 0.11695752  0.02102791 0.70318006 2.9633069 -22.569411 -22.569411 875.34475 875.34475
 5 415.14105 1.9383104e-09 0.97258578 68.786047 0.022563933 0.11678609 0.021781073 0.70403561 2.9644018 -22.569411 -22.569411 875.42092 875.42092
 1 413.53372 1.9865463e-09 0.97558943 69.292101 0.022604404 0.11569126 0.034825793 0.71053873 2.9889827 -22.569411 -22.569411 872.20625 872.20625
 3 412.37458 1.9781913e-09 0.97395261 68.765869 0.022545076 0.11694289 0.031763448 0.70357018  2.984768 -22.569411 -22.569411 869.88799 869.88799
 3 413.18233 1.9670866e-09  0.9750537 68.807202 0.022532475 0.11674906 0.029685745 0.70436223 2.9791387 -22.569411 -22.569411 871.50349 871.50349
 7   413.687 1.9745308e-09 0.97252808 68.545089 0.022589172 0.11748068 0.030457235 0.70041906 2.9829159 -22.569411 -22.569411 872.51283 872.51283
 1 413.36528 1.9645325e-09 0.97235945  68.28901 0.022497162 0.11794497 0.027651756 0.69736972 2.9778394 -22.569411 -22.569411 871.86937 871.86937
12 413.33691 1.9649704e-09 0.97240277 68.294689 0.022498271 0.11793773 0.027761785 0.69743321 2.9780623 -22.569411 -22.569411 871.81264 871.81264
 4 412.37609 2.0128539e-09 0.97449744 69.023084  0.02258235 0.11626703 0.040842267 0.70711574 3.0021387 -22.569411 -22.569411 869.89099 869.89099
 4 412.75571 1.9809765e-09 0.97339216 68.777575 0.022540324 0.11682374 0.032972118   0.703933  2.986175 -22.569411 -22.569411 870.65024 870.65024
4  412.4067 2.1056625e-09 0.97190858 69.017433 0.022547741 0.11627919 0.062058163 0.70711492 3.0472152 -22.569411 -22.569411 869.95222 869.95222
1 411.77528 2.1330839e-09 0.97337221 69.275529 0.022563635 0.11563258 0.069466772 0.71060745 3.0601539 -22.569411 -22.569411 868.68939 868.68939
1 412.36166 2.1792399e-09 0.97403612 69.450563 0.022607591  0.1154335 0.080285493 0.71238592 3.0815612 -22.569411 -22.569411 869.86214 869.86214
7 411.95788 2.1665348e-09 0.97415473 69.576938 0.022671919 0.11527043 0.077607413 0.71363374 3.0757141 -22.569411 -22.569411 869.05459 869.05459
4  410.9636 2.2611474e-09 0.97074519 68.597183 0.022459166 0.11747058 0.097798635 0.70117164 3.1184575 -22.569411 -22.569411 867.06602 867.06602
8 412.15088 2.2629074e-09  0.9736668 69.132473 0.022491569 0.11638326 0.099778372 0.70798862 3.1192355 -22.569411 -22.569411 869.44059 869.44059
1 412.30035 2.2643471e-09 0.97360607 69.128267 0.022493073 0.11639765  0.10009475 0.70791983 3.1198715 -22.569411 -22.569411 869.73952 869.73952
3 412.42215 2.2685916e-09 0.97382794 69.171728 0.022495796 0.11626925  0.10127085 0.70854942 3.1217443 -22.569411 -22.569411 869.98313 869.98313
2  409.6488 2.1945095e-09 0.97168435 68.972876 0.022551175 0.11678672 0.083381968  0.7056623 3.0885436 -22.569411 -22.569411 864.43642 864.43642
1 410.26379 2.2195557e-09 0.97113114 68.990407 0.022582841 0.11672811 0.089238921 0.70586847 3.0998921 -22.569411 -22.569411  865.6664  865.6664
5 409.96611 2.2329893e-09 0.97350791 69.426345 0.022613938 0.11566912 0.093712385 0.71168321 3.1059263 -22.569411 -22.569411 865.07104 865.07104
5 409.76541 2.2397056e-09 0.97279513 69.277303 0.022565757 0.11606844  0.09427871 0.70970969 3.1089295 -22.569411 -22.569411 864.66965 864.66965
3 411.71891 2.1957198e-09 0.96746134 68.192147 0.022381802 0.11827916 0.081509562 0.69603878  3.089095 -22.569411 -22.569411 868.57665 868.57665
3 410.81368 2.2144863e-09 0.97087895 69.008942 0.022427279 0.11596617 0.088119342 0.70795308 3.0976056 -22.569411 -22.569411 866.76619 866.76619
7 410.52765 2.1942135e-09 0.97239271 69.385241  0.02260536 0.11530573 0.085054687 0.71211414 3.0884088 -22.569411 -22.569411 866.19413 866.19413
2 411.03974 2.1950488e-09 0.97154382 69.425812 0.022622953 0.11529719 0.084841311 0.71243174 3.0887894 -22.569411 -22.569411 867.21831 867.21831
5 410.85077 2.1651984e-09 0.96835571 68.788903 0.022599889 0.11691286    0.075893 0.70371628 3.0750971 -22.569411 -22.569411 866.84036 866.84036
4 409.91156 2.1277635e-09 0.96969409  68.81333 0.022615689 0.11693773 0.067052018 0.70384071 3.0576565 -22.569411 -22.569411 864.96194 864.96194
6 409.96191 2.1408799e-09 0.97127201 69.253703 0.022680233 0.11601818 0.071102664 0.70937791  3.063802 -22.569411 -22.569411 865.06264 865.06264
4 411.61927 2.2374109e-09 0.97096765 69.060615 0.022495737 0.11578064 0.094082332 0.70863542 3.1079044 -22.569411 -22.569411 868.37736 868.37736
 4  410.8634 2.2013001e-09 0.97334835 69.132032 0.022377306 0.11557991 0.086588913  0.7099049 3.0916332 -22.569411 -22.569411 866.86562 866.86562
 2 408.06463 2.1825272e-09 0.97667163 69.614572 0.022490069 0.11475615 0.083196176 0.71537974 3.0830686 -22.569411 -22.569411 861.26808 861.26808
 4  408.4686 2.1489517e-09 0.97676629 69.646164 0.022502134 0.11462548 0.075654952 0.71588241 3.0675652 -22.569411 -22.569411 862.07602 862.07602
 2 408.33222 2.1437675e-09 0.97236456 68.711491 0.022494096 0.11689109 0.071957923 0.70331851 3.0651499 -22.569411 -22.569411 861.80326 861.80326
 5 408.45745 2.1836999e-09  0.9750647  69.10735 0.022550142 0.11603616 0.082734794 0.70838042 3.0836057 -22.569411 -22.569411 862.05371 862.05371
 3 408.52066 2.1827654e-09 0.97502494 69.100754 0.022552128   0.116052 0.082524205 0.70828742 3.0831777 -22.569411 -22.569411 862.18014 862.18014
 6 408.74863 2.1545289e-09 0.97519409 69.018779 0.022485261 0.11599187  0.07617056 0.70786065 3.0701572 -22.569411 -22.569411 862.63609 862.63609
 5 409.33722 2.1377113e-09 0.97323905 68.857731 0.022448797 0.11626473 0.071603517 0.70599394 3.0623209 -22.569411 -22.569411 863.81326 863.81326
 1 409.57207 2.1652292e-09 0.97259399 68.649971 0.022379453 0.11668053 0.077563495 0.70347655 3.0751113 -22.569411 -22.569411 864.28296 864.28296
 3  408.6971 2.1514784e-09 0.97198154 68.561805  0.02239672 0.11700496 0.073620509 0.70198656 3.0687403 -22.569411 -22.569411 862.53302 862.53302
 2 408.67771 2.1954607e-09 0.97343709  68.78763 0.022393625 0.11651138 0.084600301 0.70498972  3.088977 -22.569411 -22.569411 862.49424 862.49424
 1 408.60914 2.1887462e-09 0.97378625 68.776309 0.022379047 0.11649178 0.083101944 0.70496485  3.085914 -22.569411 -22.569411 862.35711 862.35711
 1 408.25031 2.1682733e-09 0.97398772 68.916836 0.022394474 0.11621145 0.078277451 0.70672455 3.0765162 -22.569411 -22.569411 861.63943 861.63943
11 410.05827 2.1723437e-09 0.97598153 69.233231 0.022427149 0.11589295 0.080082233 0.70999528 3.0783917 -22.569411 -22.569411 865.25536 865.25536
 9 408.52528 2.1504721e-09 0.97424461 68.958258 0.022418832 0.11643139 0.073983982 0.70656305 3.0682725 -22.569411 -22.569411 862.18938 862.18938
 4 408.92628 2.1385523e-09 0.97402368 68.973348 0.022418472 0.11636394 0.071385977 0.70683396 3.0627142 -22.569411 -22.569411 862.99139 862.99139
 2 409.11391  2.190827e-09 0.97307067 69.447061 0.022586805 0.11560963 0.083220482 0.71203481 3.0868642 -22.569411 -22.569411 863.36665 863.36665
 1 410.21218 2.1578015e-09 0.97279449 69.425446 0.022579099  0.1156261 0.075102886 0.71183728  3.071675 -22.569411 -22.569411 865.56319 865.56319
 2 410.56839 2.1216475e-09 0.97155268 69.233887 0.022584676  0.1161523 0.066016084 0.70913107  3.054778 -22.569411 -22.569411 866.27559 866.27559
 5 410.32753 2.1182682e-09 0.97103806 69.135751 0.022581979 0.11634695 0.065032068 0.70790313  3.053184 -22.569411 -22.569411 865.79389 865.79389
 5 410.67808 2.1392606e-09 0.96983409 69.161816 0.022632663 0.11624595 0.070021023 0.70822845 3.0630453 -22.569411 -22.569411 866.49498 866.49498
10 411.29982 2.2505698e-09 0.97176651  69.37025 0.022649382 0.11591617 0.095758774 0.71062971 3.1137685 -22.569411 -22.569411 867.73847 867.73847
11 410.94622 2.2677649e-09 0.97223975 69.425625 0.022641695 0.11591721 0.099935468 0.71110492 3.1213798 -22.569411 -22.569411 867.03125 867.03125
 1 412.97518 2.2447764e-09  0.9724855 69.879489  0.02270697 0.11459432 0.095497746 0.71742088  3.111191 -22.569411 -22.569411 871.08919 871.08919
 2 413.41544 2.2301155e-09 0.96893754 69.462072  0.02270861 0.11565824   0.0909843 0.71180607 3.1046385 -22.569411 -22.569411  871.9697  871.9697
 3 413.00076 2.2509909e-09 0.96898337 69.401402  0.02270755 0.11575444 0.095998761 0.71110444 3.1139556 -22.569411 -22.569411 871.14035 871.14035
 5 410.12624 2.1688752e-09 0.97030251  69.22263 0.022650764 0.11605008 0.077479059 0.70911188 3.0767938 -22.569411 -22.569411 865.39131 865.39131
 5 410.10142 2.1842644e-09 0.97089986  69.26181  0.02260974 0.11573705 0.081586026 0.71017892 3.0838642 -22.569411 -22.569411 865.34167 865.34167
 2 410.74219 2.1508187e-09 0.97599393 69.237674 0.022341413 0.11500725 0.075901091 0.71205892 3.0684337 -22.569411 -22.569411  866.6232  866.6232
 2 410.73194 2.1351665e-09 0.97571529 69.194808 0.022342982  0.1151261  0.07198464 0.71145055 3.0611297 -22.569411 -22.569411  866.6027  866.6027
 9 410.22939 2.1415818e-09 0.97466955  68.87193 0.022387614 0.11595514  0.07276357 0.70689682 3.0641298 -22.569411 -22.569411  865.5976  865.5976
 5 409.65881  2.166897e-09 0.97431685 69.022174 0.022398426  0.1156679 0.078645284 0.70875169 3.0758813 -22.569411 -22.569411 864.45644 864.45644
 7 409.54557 2.2175378e-09 0.97348153 68.887409  0.02237075 0.11607585 0.089550996 0.70680969 3.0989826 -22.569411 -22.569411 864.22996 864.22996
 2 408.95406 2.1171963e-09 0.97433046 68.887658 0.022435365  0.1166946 0.065710389 0.70537178 3.0526778 -22.569411 -22.569411 863.04693 863.04693
 2 409.34737 2.1368399e-09 0.97303144 68.780191 0.022510078 0.11721433 0.069912192 0.70319382 3.0619131 -22.569411 -22.569411 863.83357 863.83357
 4 409.36861 2.1479854e-09 0.97291279 68.783343 0.022507783 0.11721553 0.072438627 0.70322331 3.0671155 -22.569411 -22.569411 863.87605 863.87605
 2 409.26724 2.1470529e-09 0.97311846 68.823814 0.022506625 0.11710848 0.072315503 0.70380071 3.0666812 -22.569411 -22.569411 863.67331 863.67331
 4 409.82333 2.1684908e-09 0.97390537  68.77698 0.022461436 0.11715643 0.077371469 0.70339132 3.0766165 -22.569411 -22.569411 864.78548 864.78548
 2 409.20796 2.1123608e-09 0.97213726 68.543097 0.022465448 0.11761318 0.063421008 0.70038296 3.0503913 -22.569411 -22.569411 863.55475 863.55475
 2 409.21815 2.1129926e-09  0.9721128 68.544335 0.022466491  0.1176133 0.063554986 0.70039131 3.0506903 -22.569411 -22.569411 863.57513 863.57513
 1 409.11224 2.2015956e-09 0.97350887 68.682798 0.022388892 0.11696633 0.085066773 0.70313408 3.0917675 -22.569411 -22.569411  863.3633  863.3633
 3 409.29069 2.1608896e-09 0.97362132 68.636548 0.022346867 0.11691215 0.075638896 0.70293808 3.0731051 -22.569411 -22.569411  863.7202  863.7202
 8 409.07203  2.157115e-09 0.97414798 68.634852 0.022334576 0.11691751   0.0750606 0.70293812 3.0713568 -22.569411 -22.569411 863.28289 863.28289
 1 409.09844 2.1584783e-09 0.97430575 68.664869 0.022339461 0.11684948 0.075429952  0.7033317 3.0719886 -22.569411 -22.569411  863.3357  863.3357
25 410.65375 2.2118682e-09 0.96930746 68.587801  0.02244548 0.11700799  0.08696409 0.70210231 3.0964226 -22.569411 -22.569411 866.44632 866.44632
 1 409.92967  2.139645e-09 0.97066536 68.541592 0.022398713 0.11691561 0.070499028  0.7019967  3.063225 -22.569411 -22.569411 864.99815 864.99815
10 409.38045 2.1279453e-09 0.97175699 68.611674 0.022396388 0.11687987 0.067592293 0.70268603  3.057742 -22.569411 -22.569411 863.89972 863.89972
 2 409.21726 2.0955731e-09  0.9729555 68.485596  0.02239822  0.1171751  0.06046426 0.70095699 3.0424122 -22.569411 -22.569411 863.57334 863.57334
 2 408.20804 2.1669865e-09 0.97844032 69.625552 0.022479311 0.11474281 0.080061804 0.71551921 3.0759226 -22.569411 -22.569411  861.5549  861.5549
 6 408.16322 2.1727403e-09 0.97633412 69.402242 0.022507783 0.11549076 0.080524333 0.71207362 3.0785743 -22.569411 -22.569411 861.46525 861.46525
 1 408.34293 2.1779443e-09 0.97715283 69.524262  0.02251621 0.11522787 0.082118809 0.71360982 3.0809666 -22.569411 -22.569411 861.82468 861.82468
 1 409.60047 2.1771176e-09 0.97579151 69.200892 0.022457985 0.11610971  0.08050301 0.70920713 3.0805869 -22.569411 -22.569411 864.33977 864.33977
 6 409.77573 2.1507317e-09 0.97504299 69.117556 0.022465906 0.11628859  0.07371732 0.70811446 3.0683932 -22.569411 -22.569411 864.69029 864.69029
 1 409.21583  2.211578e-09 0.97693141 69.477166 0.022516094 0.11533077 0.088991079  0.7130085 3.0962914 -22.569411 -22.569411 863.57049 863.57049
 2 408.26804  2.219416e-09 0.97749074 69.860976  0.02253592 0.11430463 0.092293701 0.71821513 3.0998292 -22.569411 -22.569411 861.67491 861.67491
10 408.22506 2.2137601e-09 0.97801608  69.84235 0.022515193 0.11428615 0.091197153 0.71814519 3.0972775 -22.569411 -22.569411 861.58893 861.58893
 3 409.49848 2.1936407e-09 0.97368023 69.533473  0.02270009  0.1153044 0.084509839  0.7131471 3.0881477 -22.569411 -22.569411 864.13578 864.13578
 3 409.26784 2.2182341e-09 0.97383564 69.625954 0.022714009 0.11512253 0.090650599 0.71425507 3.0992965 -22.569411 -22.569411  863.6745  863.6745
 3 409.05319 2.1069465e-09 0.97180865 68.799701 0.022574651 0.11685358 0.063223517 0.70398784 3.0478248 -22.569411 -22.569411 863.24519 863.24519
 5 410.34871 2.1135308e-09 0.97372104 69.417119 0.022509264  0.1154272 0.065206359 0.71232583  3.050945 -22.569411 -22.569411 865.83624 865.83624
 3 409.91455 2.0978838e-09 0.97422207 69.398979 0.022504732  0.1154338 0.061774474 0.71217114 3.0435142 -22.569411 -22.569411 864.96793 864.96793
 4 409.41227 2.1754235e-09 0.97405483 69.377715 0.022514272 0.11537086 0.080991757 0.71210562 3.0798084 -22.569411 -22.569411 863.96336 863.96336
13 409.05201 2.1183298e-09  0.9764558 69.365268 0.022534567 0.11533779 0.068447077 0.71202883  3.053213 -22.569411 -22.569411 863.24284 863.24284
 8 411.59071 2.0316282e-09 0.97747691 69.574553 0.022528277 0.11494838 0.047691724 0.71457616 3.0114226 -22.569411 -22.569411 868.32024 868.32024
 7 411.03363 2.0384891e-09 0.97779084 69.427716 0.022486701 0.11526423 0.049235826 0.71279856  3.014794 -22.569411 -22.569411 867.20608 867.20608
 2  409.2058 2.1473723e-09 0.97579085 69.268433 0.022378202 0.11545814 0.074025824 0.71129819   3.06683 -22.569411 -22.569411 863.55042 863.55042
 4 410.58232 2.1618585e-09 0.97538958 69.699752 0.022484313 0.11457686 0.077540833 0.71645589 3.0735534 -22.569411 -22.569411 866.30347 866.30347
 2 410.13835 2.1076325e-09  0.9756923 69.440974  0.02244071  0.1149703 0.064917511 0.71361313 3.0481504 -22.569411 -22.569411 865.41552 865.41552
 1 410.51844 2.1329816e-09  0.9766903 69.597206 0.022442905 0.11456668 0.071327634 0.71572621 3.0601059 -22.569411 -22.569411 866.17571 866.17571
 4 409.81234 2.1281815e-09 0.97969885 69.970904 0.022506115  0.1139018 0.071605787  0.7199835  3.057853 -22.569411 -22.569411 864.76351 864.76351
 3 408.93106 2.1028347e-09 0.97440463 69.303735 0.022519033 0.11571448 0.062967938 0.71076531 3.0458714 -22.569411 -22.569411 863.00094 863.00094
 1 409.21434 2.1004265e-09 0.97418279 69.359112 0.022588175 0.11572987 0.062247452 0.71105127 3.0447255 -22.569411 -22.569411 863.56749 863.56749
 4 409.31037 2.1260247e-09 0.97562528 69.159877 0.022539262 0.11578645  0.06988055 0.70936803  3.056839 -22.569411 -22.569411 863.75957 863.75957
 3 410.24695 2.0972143e-09 0.97535137 69.268987 0.022564714 0.11550896 0.063190074 0.71080817  3.043195 -22.569411 -22.569411 865.63272 865.63272
 1 410.29706 2.1332741e-09 0.97679961 69.624961 0.022613332 0.11462306 0.072276617 0.71548494  3.060243 -22.569411 -22.569411 865.73294 865.73294
 7 410.41244  2.184929e-09 0.97718079 69.590214 0.022665581 0.11488535 0.084583519 0.71455125 3.0841684 -22.569411 -22.569411  865.9637  865.9637
13 410.58031 2.1744479e-09 0.97725289 69.578035 0.022680674 0.11498353   0.0820785 0.71421733 3.0793599 -22.569411 -22.569411 866.29944 866.29944
 1 410.40729 2.1792584e-09 0.97751762 69.615415 0.022686232 0.11494451 0.083198897  0.7145932 3.0815697 -22.569411 -22.569411 865.95339 865.95339
 4 410.94939 2.1423158e-09 0.97397407 69.406043  0.02275337 0.11578755 0.073159181 0.71097922 3.0644725 -22.569411 -22.569411  867.0376  867.0376
 2 410.96043 2.1126886e-09 0.97098161 68.749583 0.022689479 0.11732347 0.063873167 0.70231899 3.0505465 -22.569411 -22.569411 867.05967 867.05967
 3 410.54229 2.1289739e-09 0.97043256 68.660332  0.02266275 0.11749293 0.067664641 0.70124182 3.0582252 -22.569411 -22.569411  866.2234  866.2234
 5 410.88079 2.0661304e-09  0.9698301 68.798822 0.022637115 0.11701407 0.052421108 0.70350923 3.0282626 -22.569411 -22.569411  866.9004  866.9004
 1 410.65851 2.0915772e-09 0.96993872 68.800561 0.022655904 0.11713319 0.058273342 0.70323288 3.0405035 -22.569411 -22.569411 866.45585 866.45585
 3 409.80464 2.0854117e-09 0.97048444 68.811383 0.022615914 0.11709952 0.056998832 0.70348179 3.0375514 -22.569411 -22.569411 864.74811 864.74811
 2 409.62809 2.1167746e-09 0.97077893 68.782286  0.02257729 0.11701092 0.064439451 0.70349978 3.0524786 -22.569411 -22.569411 864.39501 864.39501
 4  409.4024 2.1591117e-09 0.97316046 69.019484 0.022609769 0.11646288 0.075528655  0.7066165  3.072282 -22.569411 -22.569411 863.94362 863.94362
 4 408.82305 2.1451808e-09 0.97448223 69.259311 0.022633061  0.1161536 0.072935025   0.709241 3.0658089 -22.569411 -22.569411 862.78493 862.78493
 4 408.92547  2.130502e-09 0.97358632 68.997921 0.022591535 0.11670761 0.069132481 0.70595734 3.0589427 -22.569411 -22.569411 862.98976 862.98976
 3 408.97945 2.1189027e-09 0.97357376 68.948118 0.022587396 0.11679452 0.066321805 0.70535828 3.0534835 -22.569411 -22.569411 863.09772 863.09772
 6 408.96366  2.241574e-09 0.97418087 69.304092  0.02262534 0.11591628  0.09506396 0.71012681 3.1097634 -22.569411 -22.569411 863.06615 863.06615
 1 409.30351 2.2465802e-09 0.97355847 69.169394 0.022615977 0.11627674 0.095804988 0.70826288 3.1119943 -22.569411 -22.569411 863.74585 863.74585
 3 409.45832 2.2814697e-09 0.97514965  69.55629 0.022646885 0.11532627  0.10515095 0.71340003 3.1274049 -22.569411 -22.569411 864.05545 864.05545
 7 409.41658 2.2807641e-09 0.97513846 69.564906 0.022651775 0.11531764  0.10497076 0.71347875 3.1270956 -22.569411 -22.569411 863.97199 863.97199
 1 409.24792 2.2310196e-09  0.9736656 69.193494  0.02263219 0.11596925 0.093100163 0.70907446 3.1050438 -22.569411 -22.569411 863.63467 863.63467
 1  409.1324 2.2240665e-09 0.97394462 69.211434 0.022610853 0.11585074 0.091427619 0.70951721 3.1019224 -22.569411 -22.569411 863.40362 863.40362
 2 409.14958 2.2240092e-09 0.97342465 69.102407 0.022597508 0.11610254 0.091140416 0.70810048 3.1018966 -22.569411 -22.569411 863.43798 863.43798
 2  410.3126   2.25395e-09 0.97300891 69.173185 0.022645742 0.11605315  0.09832158 0.70869994 3.1152693 -22.569411 -22.569411 865.76402 865.76402
 3 410.25701  2.238391e-09 0.97258124 69.049174 0.022650509 0.11633985 0.094310733 0.70704134 3.1083424 -22.569411 -22.569411 865.65285 865.65285
 4 411.07297 2.2584374e-09 0.97203472 69.010184 0.022653282 0.11646333 0.098781654 0.70644512 3.1172582 -22.569411 -22.569411 867.28476 867.28476
17 411.20061 2.2567518e-09 0.97186633 69.024723 0.022665186 0.11643796 0.098373803 0.70659702 3.1165116 -22.569411 -22.569411 867.54005 867.54005
 6 411.26356  2.252474e-09 0.97269297 69.266123 0.022723899   0.115929 0.097593737 0.70957699 3.1146143 -22.569411 -22.569411 867.66594 867.66594
 2 411.67035 2.2491255e-09 0.97271061 69.256544 0.022729112 0.11593737 0.096795291 0.70946832 3.1131266 -22.569411 -22.569411 868.47952 868.47952
 1 411.72702 2.2487066e-09 0.97280541 69.268297  0.02273339 0.11591998 0.096735837 0.70959423 3.1129403 -22.569411 -22.569411 868.59287 868.59287
 2  411.6623  2.254162e-09  0.9727795 69.187537 0.022716235 0.11608824 0.098010713 0.70860022 3.1153634 -22.569411 -22.569411 868.46342 868.46342
20 412.07137 2.2399669e-09  0.9718535 69.054388 0.022719061 0.11643934 0.094188521 0.70673318 3.1090462 -22.569411 -22.569411 869.28157 869.28157
 2 412.39285 2.2429226e-09 0.97165441 69.008856  0.02271814 0.11653961 0.094793422 0.70613744 3.1103648 -22.569411 -22.569411 869.92452 869.92452
 1 412.23158 2.2611494e-09 0.97250887 69.028033 0.022687168 0.11642956 0.099624089 0.70659666 3.1184583 -22.569411 -22.569411 869.60199 869.60199
 1 413.22102 2.2688619e-09 0.97356554 69.349522 0.022743095 0.11577519  0.10235551 0.71055499 3.1218634 -22.569411 -22.569411 871.58087 871.58087
 1 413.17926 2.2664024e-09 0.97100038 69.393914 0.022698413  0.1159053  0.10054098 0.71074778 3.1207788 -22.569411 -22.569411 871.49734 871.49734
 2 413.71645 2.2720232e-09 0.97113093 69.441782 0.022697128 0.11575625  0.10200851 0.71145819 3.1232558 -22.569411 -22.569411 872.57172 872.57172
10 408.02479 2.2056557e-09 0.97616267 69.609143 0.022590946 0.11514887 0.087929704 0.71431664 3.0936099 -22.569411 -22.569411  861.1884  861.1884
 6 408.15325 2.2161369e-09 0.97541208 69.518906 0.022603523 0.11542112 0.090004224 0.71298518 3.0983506 -22.569411 -22.569411 861.44532 861.44532
12 408.17392 2.2087809e-09 0.97495912 69.423328 0.022586218 0.11564369 0.088075815 0.71176843 3.0950258 -22.569411 -22.569411 861.48667 861.48667
 8 408.23615 2.2166096e-09 0.97503529 69.472493 0.022593788 0.11553699 0.090024501 0.71238163 3.0985639 -22.569411 -22.569411 861.61111 861.61111
 1 412.19256 2.3028753e-09 0.97691557 69.891592 0.022623339 0.11455563  0.11118755 0.71776916 3.1367436 -22.569411 -22.569411 869.52394 869.52394
 9 412.17482 2.3031121e-09 0.97685967 69.856354 0.022618503 0.11462101  0.11120604 0.71736029 3.1368464 -22.569411 -22.569411 869.48847 869.48847
 1 410.30823  2.292715e-09 0.97412434 69.577078 0.022628044 0.11546551  0.10675928 0.71332255 3.1323218 -22.569411 -22.569411 865.75528 865.75528
 1 410.41057 2.2723542e-09 0.97225056 69.228651 0.022499888 0.11597966  0.10130697  0.7096242 3.1234015 -22.569411 -22.569411 865.95997 865.95997
 3 411.32661 2.2283309e-09 0.97419591 69.604725  0.02258245  0.1153492 0.091552947 0.71388442 3.1038379 -22.569411 -22.569411 867.79204 867.79204
 2   410.121 2.2801946e-09 0.97695905 69.983722 0.022572113 0.11435859   0.1049752 0.71901865 3.1268459 -22.569411 -22.569411 865.38082 865.38082
 9 409.20331 2.2326887e-09 0.97937925 69.914304 0.022541078 0.11418864 0.096331144 0.71887158 3.1057916 -22.569411 -22.569411 863.54544 863.54544
 3 408.05995 2.2012288e-09  0.9787838 69.825763 0.022527261 0.11434316 0.088554976 0.71786958 3.0916008 -22.569411 -22.569411 861.25873 861.25873
13 408.22422 2.1789601e-09 0.97896616 69.871574 0.022536104 0.11429972 0.083398471 0.71831028 3.0814328 -22.569411 -22.569411 861.58727 861.58727
 7 408.40262 2.1841136e-09 0.97987961 69.959002 0.022537719 0.11406907 0.085017205 0.71948187 3.0837952 -22.569411 -22.569411 861.94405 861.94405
 4 408.96027 2.2113781e-09 0.97742625 69.836446 0.022509838  0.1140904 0.090901811 0.71850988  3.096201 -22.569411 -22.569411 863.05937 863.05937
 3 408.63052 2.2069799e-09 0.97684178 69.713001  0.02249823 0.11438402 0.089469407  0.7169318 3.0942101 -22.569411 -22.569411 862.39985 862.39985
29 409.36169 2.2657815e-09 0.97963914 69.850423 0.022443964 0.11397197  0.10382163 0.71900027 3.1205048 -22.569411 -22.569411 863.86221 863.86221
 5 409.29522 2.2559784e-09 0.98027223  69.91169  0.02244085 0.11377009  0.10180025 0.71991196 3.1161689 -22.569411 -22.569411 863.72927 863.72927
 5 410.72988  2.175329e-09 0.97846429 69.992256 0.022467311 0.11376789 0.082053779 0.72050687  3.079765 -22.569411 -22.569411 866.59859 866.59859
 7 410.28712  2.178743e-09  0.9781894 69.950786 0.022466616 0.11388545 0.082752728 0.71993654 3.0813332 -22.569411 -22.569411 865.71307 865.71307
 1 410.42786 2.1659732e-09 0.97794653 69.933631 0.022479543 0.11395856 0.079634307 0.71962321 3.0754549 -22.569411 -22.569411 865.99454 865.99454
 3 409.58772 2.1811175e-09 0.97792284 69.948565 0.022489671 0.11389797 0.083418324 0.71984605 3.0824225 -22.569411 -22.569411 864.31426 864.31426
 2 409.38981 2.1933046e-09 0.97806311 69.911024 0.022496647 0.11401344 0.086098738 0.71929458 3.0879944 -22.569411 -22.569411 863.91844 863.91844
 6 409.99421 2.0941746e-09 0.97397995 68.918851 0.022360691 0.11632267 0.060784664 0.70657869 3.0417446 -22.569411 -22.569411 865.12725 865.12725
 1 409.68947 2.1305499e-09 0.97495261 69.195273  0.02239943 0.11560727 0.070448362 0.71033157 3.0589652 -22.569411 -22.569411 864.51777 864.51777
 3 411.75343 2.0748413e-09 0.97457239 69.136516 0.022352914 0.11554355  0.05702256 0.71006963 3.0324698 -22.569411 -22.569411 868.64569 868.64569
 3  410.5017 2.1078355e-09 0.97450737 69.096046 0.022359374 0.11558524 0.064318377 0.70962905 3.0482467 -22.569411 -22.569411 866.14223 866.14223
13 410.58664 2.1091142e-09  0.9744264 69.080857 0.022355739 0.11560942 0.064571774 0.70945829 3.0488531 -22.569411 -22.569411 866.31211 866.31211
 2 410.61761 2.1293075e-09 0.97863469 69.691339 0.022413197  0.1143087 0.071187041 0.71708597 3.0583819 -22.569411 -22.569411 866.37404 866.37404
 4 410.51598 2.1302268e-09 0.97862442 69.690444 0.022412892 0.11431285 0.071417142 0.71707078 3.0588135 -22.569411 -22.569411 866.17078 866.17078
 1 409.66554 2.1386782e-09 0.97803143 69.631009 0.022405608 0.11441979 0.073482216 0.71638203 3.0627731 -22.569411 -22.569411  864.4699  864.4699
 1 408.85772 2.1731064e-09 0.97247958 69.228358 0.022555106 0.11608236 0.078794521 0.70929225 3.0787428 -22.569411 -22.569411 862.85427 862.85427
 8 408.99253 2.1694952e-09 0.97462275 69.569324 0.022634599 0.11536067 0.079480747 0.71346171 3.0770796 -22.569411 -22.569411 863.12388 863.12388
 3 408.38293 2.1596519e-09 0.97537498  69.58326 0.022620254 0.11517813 0.077578418 0.71398311 3.0725321 -22.569411 -22.569411 861.90469 861.90469
 7 408.29664 2.1478456e-09 0.97480571 69.451573 0.022604879 0.11546957 0.074443104 0.71232513 3.0670504 -22.569411 -22.569411 861.73211 861.73211
 3 408.48521 2.1319283e-09 0.97488992 69.210916 0.022547116 0.11572588 0.070851659 0.70990658  3.059612 -22.569411 -22.569411 862.10924 862.10924
 6 409.52706 2.1157782e-09 0.97284526 68.848261 0.022510795  0.1165696 0.066190455 0.70513909 3.0520078 -22.569411 -22.569411 864.19295 864.19295
 9 408.94353 2.1727225e-09 0.97660854 69.265617 0.022523392 0.11550366 0.081224778  0.7108772 3.0785661 -22.569411 -22.569411 863.02587 863.02587
 2 409.12619 2.1749048e-09 0.97679886 69.288175 0.022522597 0.11544913 0.081877884 0.71118068   3.07957 -22.569411 -22.569411 863.39119 863.39119
 5 408.77449 2.1573003e-09 0.97606587 69.177859 0.022542214 0.11582871 0.077173488 0.70942463 3.0714427 -22.569411 -22.569411 862.68781 862.68781
 4 408.74869  2.191722e-09 0.97889349 69.753408  0.02259124 0.11454138  0.08616397 0.71674509 3.0872727 -22.569411 -22.569411 862.63621 862.63621
 6 408.53093  2.199778e-09 0.97850702 69.738139  0.02259308 0.11456589 0.087951502 0.71656687 3.0909415 -22.569411 -22.569411 862.20068 862.20068
17 408.68622  2.206456e-09 0.97847252 69.787863  0.02257811 0.11433765 0.089577588 0.71746996 3.0939727 -22.569411 -22.569411 862.51127 862.51127
 4 408.67383 2.2063869e-09 0.97847106 69.789957 0.022578769 0.11433463 0.089566725 0.71749178 3.0939414 -22.569411 -22.569411 862.48648 862.48648
 3 408.39951 2.1586326e-09  0.9783971 69.523741 0.022505283  0.1149461 0.078120623 0.71421108   3.07206 -22.569411 -22.569411 861.93785 861.93785
 3 408.40537 2.1818061e-09 0.97976659 69.905464  0.02253897 0.11414418 0.084275497 0.71889577 3.0827381 -22.569411 -22.569411 861.94956 861.94956
 9 408.53722 2.2008533e-09 0.98063387 70.161845 0.022567695 0.11358245 0.089374214 0.72202914 3.0914302 -22.569411 -22.569411 862.21325 862.21325
 2 408.70134   2.20152e-09  0.9785105 69.958889 0.022578231 0.11417818 0.088839748 0.71917526 3.0917331 -22.569411 -22.569411 862.54151 862.54151
 3 409.71477 2.2065425e-09 0.97896794 69.993777 0.022593914 0.11409456 0.090482101 0.71959382 3.0940119 -22.569411 -22.569411 864.56837 864.56837
 7 409.69955 2.0998071e-09 0.97942819 69.739485 0.022526445 0.11438645 0.064967491 0.71708375 3.0444306 -22.569411 -22.569411 864.53793 864.53793
 8 409.58822 2.1904722e-09 0.98045695  70.08149  0.02250343 0.11358582 0.087373558 0.72151533 3.0867022 -22.569411 -22.569411 864.31526 864.31526
 4 409.66732  2.085717e-09 0.97766733 69.418696 0.022426486 0.11503965 0.060384963  0.7133149 3.0376978 -22.569411 -22.569411 864.47347 864.47347
 1 410.67971 2.0742247e-09 0.97715903 69.326381 0.022434015  0.1151775 0.058195095  0.7122484 3.0321726 -22.569411 -22.569411 866.49824 866.49824
 1 411.38307 2.2000009e-09 0.97695187 69.470059 0.022452036 0.11497677 0.088200828 0.71381602 3.0910429 -22.569411 -22.569411 867.90495 867.90495
 8 410.03227 2.1991214e-09  0.9759277 69.229364 0.022466996  0.1155601 0.087282693 0.71057423  3.090643 -22.569411 -22.569411 865.20337 865.20337
 1 409.77356 2.1719555e-09  0.9752127 68.902773 0.022400936 0.11620863 0.080324334 0.70659716  3.078213 -22.569411 -22.569411 864.68593 864.68593
 7 409.56657 2.0875777e-09 0.97571916 69.000989 0.022417895 0.11593096 0.060471815 0.70797941 3.0385895 -22.569411 -22.569411 864.27196 864.27196
 2 410.20277 2.1941712e-09  0.9728111 68.810826 0.022437599 0.11644783 0.084691528 0.70522993 3.0883895 -22.569411 -22.569411 865.54435 865.54435
 6 410.22659 2.1927196e-09 0.97276446 68.799917 0.022436215 0.11646638 0.084338728 0.70510017 3.0877277 -22.569411 -22.569411 865.59201 865.59201
 3 408.56979 2.1697432e-09 0.97503168 69.111659 0.022483795 0.11578272 0.079821413 0.70908628 3.0771939 -22.569411 -22.569411  862.2784  862.2784
10 409.30463 2.1695333e-09 0.97449785 68.985405 0.022488613 0.11607352 0.079653255 0.70739931 3.0770972 -22.569411 -22.569411 863.74808 863.74808
 2 409.66963 2.1516223e-09 0.97417909 69.077369 0.022520153 0.11615226 0.075298553 0.70794675 3.0688072 -22.569411 -22.569411 864.47809 864.47809
 6 410.29235 2.1896946e-09 0.97331832 69.280302 0.022553478 0.11572766 0.084095776  0.7104704 3.0863472 -22.569411 -22.569411 865.72353 865.72353
 2 409.58403 2.1678392e-09  0.9723074 68.884822 0.022503341 0.11644778 0.078368657 0.70572442  3.076316 -22.569411 -22.569411 864.30688 864.30688
 1 408.24869 2.2198621e-09 0.97678082 69.409642 0.022472646 0.11509794  0.09161237  0.7130233 3.1000302 -22.569411 -22.569411  861.6362  861.6362
 7 408.41818 2.2411936e-09 0.97731674 69.479682 0.022469751  0.1149071 0.097039057 0.71400291 3.1095937 -22.569411 -22.569411 861.97518 861.97518
 1 408.70393 2.2555586e-09 0.97700671 69.411969 0.022429896 0.11501588 0.099873943 0.71330159 3.1159828 -22.569411 -22.569411 862.54669 862.54669
 7  408.4991 2.2518932e-09  0.9767882 69.522961  0.02247018 0.11490213 0.098755429 0.71436828 3.1143564 -22.569411 -22.569411 862.13702 862.13702
 1 408.43037  2.270717e-09 0.97781964 69.772814 0.022509191 0.11435343  0.10376076 0.71745723 3.1226807 -22.569411 -22.569411 861.99956 861.99956
 2 409.18223 2.2751562e-09 0.97831701 69.724024  0.02249291 0.11436903  0.10543011 0.71706308 3.1246338 -22.569411 -22.569411 863.50328 863.50328
 9 411.20169 2.0691292e-09 0.97507992 69.135297 0.022556874 0.11588211 0.055019885 0.70892435 3.0297129 -22.569411 -22.569411  867.5422  867.5422
 3 410.04267 2.1049652e-09 0.97939678 69.750965 0.022527431 0.11427153 0.066289033 0.71741104  3.046884 -22.569411 -22.569411 865.22416 865.22416
18 411.35986 2.0817308e-09 0.97930754 69.810255 0.022580533 0.11414716 0.061142912 0.71803709 3.0357848 -22.569411 -22.569411 867.85854 867.85854
 7 410.98868 2.1588746e-09 0.98039075 69.768785 0.022584615 0.11438167 0.079996685 0.71721166 3.0721722 -22.569411 -22.569411 867.11618 867.11618
 3 409.43579 2.2194085e-09 0.97823514 69.462188 0.022520358  0.1149701 0.092709879 0.71362337 3.0998258 -22.569411 -22.569411 864.01041 864.01041
 7 409.50197 2.2129044e-09 0.98048251 69.755327 0.022500104 0.11431452  0.09153888 0.71741421 3.0968909 -22.569411 -22.569411 864.14277 864.14277
 2 410.11791 2.2036524e-09 0.98025072 69.736351 0.022520082 0.11439077 0.089165827 0.71706253 3.0927013 -22.569411 -22.569411 865.37464 865.37464
 2 410.08908 2.2045785e-09 0.98021346 69.724751 0.022518568 0.11441344 0.089368954 0.71692485 3.0931214 -22.569411 -22.569411 865.31698 865.31698
 1 409.34999 2.2400035e-09 0.98119709 69.895754 0.022489546 0.11393858  0.09850144 0.71933966 3.1090625 -22.569411 -22.569411  863.8388  863.8388
 1 409.33602 2.2319228e-09 0.98062617 69.828914 0.022501505 0.11414186 0.096577022 0.71836071 3.1054485 -22.569411 -22.569411 863.81086 863.81086
 3 408.84767 2.1483547e-09 0.97773104 69.161132 0.022403337 0.11570668 0.074960313 0.70982951 3.0672874 -22.569411 -22.569411 862.83417 862.83417
16 408.79609 2.1778607e-09 0.97732992 69.155819 0.022392903 0.11572959 0.082024527 0.70975885 3.0809281 -22.569411 -22.569411   862.731   862.731
 2 410.49654 2.1062293e-09 0.97198658 68.042433 0.022343886 0.11836722 0.061705445  0.6945914 3.0474844 -22.569411 -22.569411  866.1319  866.1319
 2 410.55554 2.0418086e-09 0.97160681 67.978037 0.022326683 0.11848943 0.046218793 0.69378525 3.0164211 -22.569411 -22.569411  866.2499  866.2499
 7 410.23514 2.0386595e-09 0.97205904 68.237934 0.022398558 0.11796236 0.046090854 0.69709094 3.0148776 -22.569411 -22.569411 865.60911 865.60911
 3 411.27184 2.0457091e-09 0.97155754 67.992742 0.022337032 0.11840542 0.047666205 0.69407703 3.0183296 -22.569411 -22.569411  867.6825  867.6825
 1 410.15041 2.0528047e-09 0.97158765 68.183571 0.022382361 0.11799923 0.049504197 0.69656325 3.0217921 -22.569411 -22.569411 865.43965 865.43965
 5 410.19656 2.0563926e-09 0.97117336 68.123019 0.022382112 0.11814414 0.050187001 0.69571187 3.0235384 -22.569411 -22.569411 865.53194 865.53194
 1 409.30055 2.0807163e-09 0.97188788 68.262884 0.022380976 0.11785304 0.056245056 0.69758465 3.0352973 -22.569411 -22.569411 863.73992 863.73992
 1 409.34379 2.0695376e-09 0.97101888 68.224818 0.022367512   0.117925 0.053099377 0.69712143 3.0299103 -22.569411 -22.569411  863.8264  863.8264
19 409.57649 2.1056118e-09 0.96933468 68.232684 0.022418536 0.11802726 0.061490756 0.69686202 3.0471911 -22.569411 -22.569411  864.2918  864.2918
 7 409.27042 2.1028518e-09 0.97108664 68.641712  0.02244685 0.11702508 0.061949337 0.70253089 3.0458795 -22.569411 -22.569411 863.67965 863.67965
 1 409.32047   2.13022e-09 0.97022943 68.180071 0.022386542 0.11807747  0.06755024  0.6963548 3.0588104 -22.569411 -22.569411 863.77977 863.77977
 3  410.3736 2.1740237e-09 0.97587836 68.817746 0.022430649  0.1162713 0.080747606 0.70567662 3.0791648 -22.569411 -22.569411 865.88603 865.88603
 3 411.36495  2.182933e-09 0.97668765 68.720254 0.022397852 0.11651042 0.082942724 0.70440404 3.0832545 -22.569411 -22.569411 867.86873 867.86873
14 411.38307 2.1775218e-09  0.9765048 68.692594 0.022401245 0.11658303 0.081604697 0.70400486 3.0807726 -22.569411 -22.569411 867.90496 867.90496
 2 410.07941 2.3084331e-09 0.97541296 69.526688 0.022501321 0.11494788  0.11147735 0.71423983 3.1391541 -22.569411 -22.569411 865.29764 865.29764
 1 409.63917 2.2700253e-09 0.97562513 69.615477 0.022527099 0.11470653  0.10240869 0.71541311 3.1223761 -22.569411 -22.569411 864.41716 864.41716
 5  409.6382 2.2640445e-09 0.97632475  69.74792 0.022537387 0.11444315  0.10133417 0.71701314 3.1197379 -22.569411 -22.569411 864.41523 864.41523
 1 409.76627  2.254662e-09 0.97584957 69.768323 0.022551927 0.11447653 0.098974987 0.71708018 3.1155852 -22.569411 -22.569411 864.67137 864.67137
 3 413.17581 2.2649287e-09 0.97491518 69.777221 0.022561716  0.1144971  0.10047406 0.71708997 3.1201284 -22.569411 -22.569411 871.49044 871.49044
 1 413.26963 2.2350123e-09 0.97931875 70.432059 0.022453768  0.1126819 0.097237694 0.72620298 3.1068318 -22.569411 -22.569411 871.67808 871.67808
 1 413.30358 2.2301139e-09 0.97891074 70.413687 0.022465292 0.11273331 0.096023754 0.72593316 3.1046378 -22.569411 -22.569411 871.74599 871.74599
 1 412.27965 2.1821108e-09 0.97783916 69.877394 0.022364177 0.11366745 0.084093369 0.72000418 3.0828777 -22.569411 -22.569411 869.69812 869.69812
11 412.84922 2.1242674e-09  0.9774673 69.251091 0.022355468 0.11530569 0.070518107 0.71151886 3.0560121 -22.569411 -22.569411 870.83726 870.83726
 3 408.96219  2.098884e-09  0.9772579  69.21625 0.022486344 0.11577707 0.063125264 0.70997128 3.0439909 -22.569411 -22.569411 863.06321 863.06321
 4  409.0456 2.0946827e-09   0.977204 69.174783 0.022476318 0.11587665 0.062092311 0.70943631 3.0419872 -22.569411 -22.569411 863.23001 863.23001
 2 409.05084  2.094355e-09 0.97720855 69.175488 0.022476334 0.11587465 0.062018212 0.70944638 3.0418307 -22.569411 -22.569411  863.2405  863.2405
 2 409.54441 2.1487404e-09 0.97356999 69.086212 0.022512205 0.11638893 0.073734955 0.70754232 3.0674669 -22.569411 -22.569411 864.22764 864.22764
 5  408.9366 2.1832331e-09 0.97327477 69.016348 0.022479386 0.11646252 0.081477596 0.70686432 3.0833919 -22.569411 -22.569411 863.01201 863.01201
21 408.77619 2.1767916e-09 0.97320787 68.939212 0.022474992 0.11660271 0.079984787 0.70592224 3.0804371 -22.569411 -22.569411  862.6912  862.6912
 4 408.71093 2.1960245e-09 0.97606288 69.422484 0.022626265 0.11571288   0.0856386 0.71153477 3.0892338 -22.569411 -22.569411 862.56069 862.56069
 9 408.58741 2.1789679e-09 0.97674335 69.507818 0.022602218 0.11549549 0.081940971 0.71274236 3.0814364 -22.569411 -22.569411 862.31364 862.31364
 1 408.92986  2.179116e-09 0.97735594 69.592719 0.022605485  0.1153372 0.082243559 0.71376292 3.0815044 -22.569411 -22.569411 862.99854 862.99854
 2 410.06384 2.1335534e-09 0.97547899 69.285272 0.022588428 0.11614964 0.070019843 0.70956008 3.0603739 -22.569411 -22.569411  865.2665  865.2665
 6 411.71015 2.1176525e-09  0.9753913 69.207808 0.022648571 0.11645248 0.066038342 0.70815169 3.0528933 -22.569411 -22.569411 868.55912 868.55912
 1 410.27384 2.0737742e-09 0.97439644  69.09311 0.022610824 0.11654196 0.055428886 0.70707357 3.0319553 -22.569411 -22.569411  865.6865  865.6865
14 410.38533 2.0727009e-09 0.97414922 69.068378 0.022610688 0.11661298 0.055016047 0.70671516 3.0314376 -22.569411 -22.569411 865.90949 865.90949
 7 409.66154 2.1006821e-09 0.97385396 69.191042 0.022652579 0.11630815 0.062006353 0.70830336 3.0448472 -22.569411 -22.569411 864.46191 864.46191
 4 409.25517 2.1350916e-09 0.97486236 69.645298 0.022640232 0.11494113 0.071936895 0.71493987 3.0610947 -22.569411 -22.569411 863.64915 863.64915
 1 409.00017 2.1082086e-09 0.97317537 68.980253 0.022438285 0.11613329 0.063755489 0.70733576 3.0484237 -22.569411 -22.569411 863.13916 863.13916
 3 409.27027 2.1018473e-09  0.9732092 68.933456 0.022410512 0.11613342 0.062366197 0.70699642 3.0454017 -22.569411 -22.569411 863.67935 863.67935
 8 409.42427 2.0939866e-09 0.97295719 68.900386 0.022406358  0.1162205 0.060349833 0.70654042 3.0416548 -22.569411 -22.569411 863.98736 863.98736
 3 409.76656 2.1137121e-09 0.97596091 68.934949 0.022409142 0.11593781 0.066590392 0.70742364 3.0510308 -22.569411 -22.569411 864.67194 864.67194
 6 410.54445 2.1205118e-09 0.97663196 68.890907 0.022353579  0.1160741 0.067686928 0.70687933 3.0542426 -22.569411 -22.569411 866.22773 866.22773
 8 410.51448 2.1592419e-09 0.97673795 68.871271 0.022305812 0.11591896 0.077234874 0.70713995 3.0723423 -22.569411 -22.569411 866.16779 866.16779
 1 411.03835 2.1558872e-09 0.97363794 68.450501  0.02223987 0.11685783 0.075488049 0.70166536 3.0707874 -22.569411 -22.569411 867.21552 867.21552
 8 414.04374  2.041355e-09 0.96918887 67.379655 0.022201332 0.11960085 0.045350494 0.68615033 3.0161989 -22.569411 -22.569411  873.2263  873.2263
 1  410.4901 2.0764393e-09 0.96974291 67.817119 0.022272427  0.1188528 0.053576188 0.69165824 3.0332396 -22.569411 -22.569411 866.11902 866.11902
12 410.87434 2.0662436e-09 0.97053465 67.818923 0.022249564 0.11883691 0.051369112  0.6917589 3.0283173 -22.569411 -22.569411  866.8875  866.8875
 6 410.88417 2.0647087e-09 0.97057727 67.821694  0.02225119 0.11883819 0.051008624 0.69177776 3.0275743 -22.569411 -22.569411 866.90716 866.90716
 2 410.07891 2.0656047e-09 0.97077166 68.066737 0.022289126 0.11819882 0.051649304 0.69529114 3.0280081 -22.569411 -22.569411 865.29663 865.29663
15 409.99913 2.1803525e-09 0.97537996 68.599197 0.022276635 0.11674471 0.081343213 0.70311956 3.0820716 -22.569411 -22.569411 865.13709 865.13709
 2 412.11031 2.1955382e-09 0.97666419 68.574218 0.022236369 0.11664395 0.085723562 0.70320313 3.0890123 -22.569411 -22.569411 869.35943 869.35943
 5 411.77656 2.2277283e-09 0.97910671 69.143669 0.022262005 0.11518557 0.094543924 0.71106856 3.1035675 -22.569411 -22.569411 868.69195 868.69195
 2  412.3658 2.2330271e-09 0.97972084 69.195511 0.022255778 0.11505804 0.096091877 0.71178068 3.1059432 -22.569411 -22.569411 869.87042 869.87042
10 411.77968 2.1103951e-09 0.97883407 68.878098 0.022296912  0.1159385 0.066441577 0.70717557 3.0494603 -22.569411 -22.569411 868.69819 868.69819
 2  412.0891 2.0824018e-09 0.97913397  68.93676 0.022300912 0.11578794 0.059941659 0.70798212  3.036107 -22.569411 -22.569411 869.31702 869.31702
 3 412.19891  2.082126e-09 0.97913406 68.925613 0.022299773 0.11579486 0.059924732 0.70787549 3.0359746 -22.569411 -22.569411 869.53663 869.53663
 5 410.14577 2.1842606e-09 0.97654776  69.01852  0.02238014 0.11564904  0.08384938 0.70879883 3.0838625 -22.569411 -22.569411 865.43037 865.43037
 6 407.98286 2.2022429e-09 0.97603484 69.283259 0.022501099 0.11547941 0.087323923 0.71112139 3.0920614 -22.569411 -22.569411 861.10455 861.10455
 2 407.92889  2.220356e-09 0.97621235 69.390995  0.02252842 0.11530841   0.0916822 0.71231611 3.1002526 -22.569411 -22.569411  860.9966  860.9966
10 407.96761 2.2254216e-09 0.97625117 69.396052 0.022525547 0.11528643 0.092793257 0.71240964 3.1025315 -22.569411 -22.569411 861.07405 861.07405
 2  408.4084 2.2140351e-09 0.97605468  69.42779 0.022550081 0.11516871 0.090108792 0.71286584 3.0974018 -22.569411 -22.569411 861.95562 861.95562
 1 409.07347 2.2592984e-09 0.97791596 69.671701 0.022557381 0.11455146  0.10174115 0.71612931 3.1176394 -22.569411 -22.569411 863.28576 863.28576
 2 409.93161 2.2753731e-09 0.97865464 70.113805 0.022650258 0.11374337  0.10618875 0.72115281 3.1247291 -22.569411 -22.569411 865.00203 865.00203
18 410.09768  2.296444e-09 0.97930264 70.332019 0.022644414 0.11320324  0.11122615 0.72398417 3.1339469 -22.569411 -22.569411 865.33418 865.33418
 9 409.77472 2.2913534e-09 0.97924306 70.322659 0.022645156 0.11322438   0.1100065 0.72386645 3.1317277 -22.569411 -22.569411 864.68826 864.68826
 6 408.00478 2.2145741e-09 0.97478378 69.196595 0.022539354 0.11588233  0.08939055 0.70947596 3.0976452 -22.569411 -22.569411 861.14839 861.14839
 3 408.08998 2.1848681e-09 0.97481285 69.019384  0.02245848 0.11612813 0.082322713 0.70763595 3.0841406 -22.569411 -22.569411 861.31879 861.31879
 1 408.69425 2.2387189e-09 0.97973934 69.815395  0.02248555 0.11417935 0.097227079 0.71820744 3.1084889 -22.569411 -22.569411 862.52732 862.52732
 7 408.63501 2.2449829e-09 0.97972625 69.874224 0.022470657 0.11399454 0.098889635 0.71909076  3.111283 -22.569411 -22.569411 862.40884 862.40884
 7 412.31364 2.1567906e-09 0.97566297 69.153799 0.022395434 0.11566836 0.075423129 0.70986463 3.0712064 -22.569411 -22.569411  869.7661  869.7661
 5 411.21143 2.1600916e-09 0.97556187 69.194194 0.022380975 0.11565389 0.076211834 0.71026371 3.0727357 -22.569411 -22.569411 867.56169 867.56169
 1 410.69759 2.1949471e-09  0.9770209 69.472383 0.022384206 0.11498025  0.08522195  0.7139685  3.088743 -22.569411 -22.569411 866.53401 866.53401
 4 409.99409 2.2183668e-09 0.97609035 69.615389   0.0224662 0.11504417 0.090727188 0.71484136 3.0993563 -22.569411 -22.569411   865.127   865.127
 4 409.68313 2.1764395e-09 0.97502077 69.831423 0.022633294 0.11480191  0.08082718 0.71675713 3.0802754 -22.569411 -22.569411 864.50509 864.50509
 9 408.37558 2.2240352e-09  0.9736077 69.397651  0.02261274 0.11569422 0.091246913 0.71139512 3.1019083 -22.569411 -22.569411 861.88999 861.88999
 4 408.35385 2.2286371e-09 0.97375871  69.39208 0.022606518 0.11568311 0.092406205 0.71138477 3.1039753 -22.569411 -22.569411 861.84653 861.84653
 2 408.53406 2.2203245e-09 0.97355623 69.366873 0.022625728 0.11575407 0.090138819 0.71098758 3.1002385 -22.569411 -22.569411 862.20694 862.20694
 4 408.52292 2.2356036e-09  0.9748527 69.678686 0.022674397 0.11504392 0.094580233 0.71493091 3.1070964 -22.569411 -22.569411 862.18466 862.18466
 2 409.60423 2.2626267e-09 0.97491975 69.694556 0.022687871 0.11508413  0.10110392 0.71495019 3.1191115 -22.569411 -22.569411 864.34729 864.34729
 8 408.91647 2.2368699e-09 0.97372317 69.511257 0.022680955 0.11554356 0.094177557 0.71250834 3.1076626 -22.569411 -22.569411 862.97175 862.97175
 1 409.94103 2.2136402e-09 0.97089937 68.477657 0.022496961 0.11765283  0.08678612  0.6996583 3.0972234 -22.569411 -22.569411 865.02088 865.02088
 7 409.82129 2.2296806e-09 0.97057491 68.515588 0.022495969 0.11757071 0.090451251 0.70016777 3.1044434 -22.569411 -22.569411 864.78141 864.78141
11 409.79736 2.2199188e-09 0.97034625 68.517372 0.022495242 0.11755701 0.088053402 0.70021413 3.1000557 -22.569411 -22.569411 864.73355 864.73355
 5 409.71574 2.2209611e-09  0.9708587 68.640372 0.022501956 0.11726439  0.08849137 0.70189438 3.1005251 -22.569411 -22.569411 864.57031 864.57031
 2 410.35568 2.1937698e-09 0.96989365 68.434705 0.022478752 0.11771173 0.081606528 0.69919428 3.0882065 -22.569411 -22.569411 865.85019 865.85019
 1  409.5565 2.1834893e-09 0.97242271 68.615471 0.022412843 0.11717823 0.080225628 0.70205027 3.0835093 -22.569411 -22.569411 864.25182 864.25182
 7 409.18524  2.163896e-09 0.97346728 68.784517 0.022388591  0.1166506 0.076329851 0.70467941 3.0744954 -22.569411 -22.569411 863.50931 863.50931
